*ZIP,LAT,LNG
00601,18.180555,-66.749961
00602,18.361945,-67.175597
00603,18.455183,-67.119887
00606,18.158345,-66.932911
00610,18.295366,-67.125135
00612,18.402253,-66.711397
00616,18.420412,-66.671979
00617,18.445147,-66.559696
00622,17.991245,-67.153993
00623,18.083361,-67.153897
00624,18.064919,-66.716683
00627,18.412600,-66.863926
00631,18.190607,-66.832041
00637,18.076713,-66.947389
00638,18.295913,-66.515588
00641,18.263085,-66.712985
00646,18.433150,-66.285875
00647,17.963613,-66.947127
00650,18.349416,-66.578079
00652,18.448452,-66.594127
00653,17.985033,-66.886536
00656,18.053539,-66.792931
00659,18.407226,-66.808999
00660,18.134695,-67.116199
00662,18.468320,-67.015781
00664,18.210330,-66.591616
00667,18.003422,-67.035810
00669,18.277102,-66.869645
00670,18.240187,-66.988776
00674,18.422908,-66.489337
00676,18.377637,-67.079574
00677,18.332568,-67.227022
00678,18.434099,-66.927384
00680,18.182055,-67.132502
00682,18.221464,-67.156039
00683,18.107800,-67.037263
00685,18.332929,-66.959689
00687,18.319026,-66.420557
00688,18.382264,-66.626438
00690,18.495510,-67.098671
00692,18.410188,-66.336556
00693,18.423000,-66.397232
00694,18.482370,-66.391079
00698,18.064848,-66.856319
00703,18.248401,-66.130662
00704,17.965770,-66.219555
00705,18.128961,-66.266683
00707,18.014055,-65.920751
00714,18.003025,-66.046237
00715,18.011233,-66.560065
00716,17.992040,-66.605856
00717,18.003222,-66.614037
00718,18.231988,-65.759623
00719,18.289927,-66.253440
00720,18.217946,-66.428076
00723,18.043498,-66.015479
00725,18.218819,-66.042375
00727,18.215308,-66.073565
00728,17.989853,-66.664116
00729,18.323585,-65.883206
00730,18.030831,-66.616838
00731,18.109947,-66.635622
00735,18.252604,-65.682494
00736,18.103624,-66.151667
00738,18.304458,-65.698711
00739,18.177233,-66.160645
00740,18.331178,-65.634104
00741,18.163855,-65.754042
00745,18.352216,-65.817387
00751,18.001317,-66.252183
00754,18.147107,-65.976167
00757,17.995441,-66.391334
00765,18.130096,-65.439369
00766,18.133196,-66.476916
00767,18.069489,-65.896161
00769,18.103800,-66.357586
00771,18.187148,-65.871189
00772,18.438969,-65.905174
00773,18.342888,-65.723109
00775,18.326599,-65.307720
00777,18.224133,-65.908542
00778,18.264076,-65.978510
00780,18.102834,-66.568105
00782,18.225708,-66.221633
00783,18.303910,-66.326179
00784,18.010714,-66.133615
00786,18.155424,-66.229907
00791,18.136782,-65.821476
00794,18.198955,-66.309833
00795,18.060494,-66.500624
00801,18.350449,-64.973886
00802,18.340862,-64.923479
00820,17.743072,-64.686570
00823,17.723541,-64.745932
00824,17.744557,-64.682933
00830,18.338560,-64.736533
00831,18.327294,-64.786720
00840,17.747872,-64.880695
00841,17.768133,-64.807852
00850,17.709936,-64.750099
00851,17.732228,-64.770760
00901,18.465369,-66.104613
00906,18.464460,-66.094995
00907,18.452553,-66.077838
00909,18.441610,-66.067132
00911,18.451159,-66.056199
00912,18.445328,-66.060135
00913,18.450002,-66.042656
00915,18.437179,-66.045571
00917,18.420674,-66.050105
00918,18.421022,-66.065789
00920,18.414292,-66.088042
00921,18.392282,-66.088555
00923,18.409307,-66.038888
00924,18.399192,-66.012453
00925,18.400296,-66.050602
00926,18.345400,-66.051545
00927,18.388011,-66.072089
00934,18.411313,-66.124234
00936,18.395463,-66.073772
00949,18.430696,-66.212833
00950,18.459699,-66.233101
00951,18.427530,-66.253789
00952,18.427448,-66.182026
00953,18.360729,-66.251527
00956,18.321137,-66.170419
00957,18.368414,-66.187693
00959,18.391820,-66.154564
00960,18.416919,-66.145795
00961,18.413286,-66.164617
00962,18.444614,-66.148839
00965,18.433757,-66.114752
00966,18.401521,-66.117597
00968,18.406085,-66.101232
00969,18.368062,-66.108062
00971,18.318884,-66.119190
00976,18.336176,-65.994099
00979,18.444394,-66.030036
00982,18.411261,-65.992045
00983,18.417816,-65.975819
00985,18.410770,-65.947928
00987,18.338161,-65.941083
01001,42.062368,-72.625754
01002,42.364061,-72.458739
01003,42.389941,-72.524108
01005,42.418848,-72.106598
01007,42.279010,-72.400468
01008,42.190144,-72.954350
01009,42.211969,-72.341433
01010,42.128176,-72.205352
01011,42.300281,-72.968716
01012,42.375425,-72.858192
01013,42.154904,-72.602804
01020,42.172602,-72.562073
01022,42.197741,-72.542713
01026,42.465495,-72.918267
01027,42.295008,-72.751877
01028,42.062378,-72.498111
01029,42.193395,-73.044647
01030,42.072925,-72.686972
01031,42.329399,-72.198187
01032,42.457613,-72.814780
01033,42.244949,-72.500143
01034,42.098676,-72.961564
01035,42.356491,-72.568632
01036,42.062946,-72.417297
01037,42.372728,-72.195412
01038,42.385496,-72.606929
01039,42.404278,-72.688922
01040,42.211656,-72.642448
01050,42.286762,-72.869695
01053,42.356301,-72.713584
01054,42.468898,-72.484579
01056,42.183577,-72.457812
01057,42.093596,-72.321494
01060,42.321488,-72.630588
01062,42.328308,-72.703924
01063,42.318882,-72.638530
01066,42.406903,-72.655018
01068,42.350862,-72.044248
01069,42.187794,-72.308469
01070,42.518446,-72.919017
01071,42.160060,-72.873853
01072,42.456968,-72.417244
01073,42.226949,-72.741588
01074,42.387603,-72.093230
01075,42.256208,-72.581030
01077,42.052570,-72.777353
01079,42.197913,-72.329709
01080,42.185727,-72.361558
01081,42.061313,-72.234411
01082,42.293533,-72.278599
01083,42.203642,-72.194599
01084,42.392370,-72.882235
01085,42.153503,-72.771602
01086,42.130446,-72.793967
01088,42.391709,-72.646494
01089,42.125451,-72.649734
01092,42.191868,-72.235108
01093,42.441943,-72.661817
01094,42.359108,-72.136800
01095,42.138499,-72.420715
01096,42.397140,-72.763572
01097,42.178038,-72.832612
01098,42.394315,-72.943115
01103,42.104106,-72.592027
01104,42.134009,-72.565378
01105,42.099958,-72.580765
01106,42.047565,-72.571130
01107,42.121060,-72.607068
01108,42.080692,-72.560791
01109,42.119674,-72.549726
01118,42.094194,-72.525081
01119,42.124978,-72.511210
01128,42.092296,-72.489135
01129,42.118690,-72.488200
01151,42.151860,-72.509131
01199,42.120563,-72.604468
01201,42.448236,-73.273727
01220,42.623799,-73.116736
01222,42.058703,-73.322175
01223,42.312225,-73.110124
01224,42.513163,-73.195743
01225,42.563401,-73.153335
01226,42.481119,-73.135073
01229,42.276338,-73.335896
01230,42.173192,-73.324283
01235,42.425676,-73.063012
01236,42.266496,-73.378393
01237,42.547818,-73.268033
01238,42.297501,-73.230148
01240,42.367858,-73.269763
01242,42.333734,-73.249199
01243,42.350122,-73.024112
01244,42.118094,-73.257497
01245,42.186893,-73.223105
01247,42.698526,-73.084300
01253,42.206683,-73.113214
01254,42.382019,-73.365492
01255,42.107496,-73.118607
01256,42.594166,-73.022320
01257,42.085244,-73.367483
01258,42.109280,-73.462886
01259,42.075469,-73.234376
01260,42.295696,-73.342543
01262,42.292202,-73.319209
01264,42.231590,-73.202428
01266,42.312354,-73.388044
01267,42.671617,-73.246981
01270,42.515272,-73.031166
01301,42.626761,-72.601530
01330,42.513947,-72.821517
01331,42.562408,-72.191080
01337,42.689307,-72.582249
01338,42.572604,-72.824306
01339,42.603776,-72.889644
01340,42.694731,-72.710956
01341,42.496937,-72.709414
01342,42.543889,-72.609458
01343,42.657625,-72.978933
01344,42.613418,-72.426427
01346,42.693275,-72.823113
01347,42.559294,-72.518753
01349,42.563061,-72.482122
01350,42.727772,-72.985346
01351,42.539880,-72.521689
01354,42.624076,-72.508643
01355,42.458551,-72.327191
01360,42.677091,-72.453876
01364,42.605437,-72.292074
01366,42.475621,-72.192468
01367,42.695532,-72.909148
01368,42.679456,-72.176935
01370,42.593338,-72.726941
01373,42.475481,-72.615403
01375,42.466691,-72.546751
01376,42.595280,-72.555002
01378,42.673533,-72.353213
01379,42.556310,-72.407148
01420,42.584925,-71.816862
01430,42.657005,-71.923442
01431,42.676293,-71.832523
01432,42.566573,-71.575135
01434,42.538903,-71.612027
01436,42.602059,-72.087015
01438,42.562243,-72.031402
01440,42.584206,-71.988737
01450,42.611760,-71.565269
01451,42.501908,-71.568201
01452,42.489598,-72.002878
01453,42.519977,-71.763202
01460,42.535931,-71.490569
01462,42.582607,-71.720464
01463,42.670643,-71.602858
01464,42.573654,-71.640986
01467,42.489646,-71.609577
01468,42.542767,-72.068345
01469,42.664828,-71.695087
01473,42.554600,-71.905440
01474,42.669685,-71.752751
01475,42.668160,-72.055644
01501,42.198708,-71.846006
01503,42.384929,-71.633889
01504,42.039991,-71.532406
01505,42.355049,-71.716157
01506,42.180788,-72.107891
01507,42.133935,-71.968025
01510,42.411887,-71.690005
01515,42.209682,-72.040178
01516,42.053072,-71.752241
01518,42.127477,-72.118818
01519,42.203404,-71.679739
01520,42.336372,-71.850626
01521,42.046799,-72.180144
01522,42.375634,-71.867382
01523,42.483569,-71.675585
01524,42.249603,-71.919217
01525,42.106794,-71.630518
01527,42.192246,-71.777649
01529,42.036642,-71.578779
01531,42.319125,-72.130814
01532,42.323342,-71.646236
01534,42.142074,-71.643348
01535,42.267564,-72.066876
01536,42.231309,-71.692642
01537,42.158966,-71.897051
01540,42.116263,-71.857465
01541,42.454125,-71.877540
01542,42.204251,-71.908907
01543,42.388285,-71.969865
01545,42.284767,-71.714228
01550,42.059737,-72.033908
01560,42.175395,-71.674223
01561,42.443970,-71.685583
01562,42.247211,-71.991867
01564,42.447924,-71.776045
01566,42.103214,-72.079545
01568,42.176526,-71.603588
01569,42.055930,-71.631232
01570,42.047532,-71.846952
01571,42.053778,-71.935075
01581,42.268426,-71.613309
01583,42.369417,-71.785036
01585,42.240796,-72.162645
01588,42.118794,-71.672494
01590,42.132051,-71.750318
01602,42.269189,-71.850728
01603,42.243826,-71.843569
01604,42.253254,-71.767957
01605,42.289683,-71.787793
01606,42.315249,-71.795741
01607,42.225974,-71.788894
01608,42.261980,-71.801462
01609,42.285114,-71.829987
01610,42.247049,-71.808366
01611,42.237604,-71.875838
01612,42.296798,-71.928991
01701,42.319587,-71.442800
01702,42.282379,-71.436621
01718,42.519816,-71.429283
01719,42.485985,-71.520985
01720,42.483953,-71.438495
01721,42.257755,-71.473526
01730,42.499295,-71.281889
01731,42.456748,-71.279484
01740,42.439941,-71.601879
01741,42.536620,-71.361832
01742,42.462911,-71.364496
01745,42.292114,-71.499197
01746,42.195951,-71.453430
01747,42.123007,-71.531404
01748,42.224096,-71.540489
01749,42.389071,-71.545864
01752,42.349617,-71.547214
01754,42.425955,-71.456256
01756,42.093870,-71.544519
01757,42.158692,-71.521419
01760,42.284822,-71.348811
01770,42.231947,-71.372963
01772,42.302877,-71.530828
01773,42.425506,-71.310812
01775,42.429688,-71.512514
01776,42.383367,-71.421070
01778,42.343687,-71.381186
01801,42.488769,-71.154438
01803,42.503227,-71.201713
01810,42.648044,-71.161751
01821,42.549330,-71.251725
01824,42.590790,-71.355182
01826,42.679723,-71.300680
01827,42.676149,-71.499772
01830,42.796313,-71.053436
01832,42.791114,-71.132859
01833,42.727879,-70.982036
01834,42.753900,-71.015935
01835,42.751233,-71.094300
01840,42.706763,-71.160403
01841,42.712015,-71.164873
01843,42.689974,-71.160383
01844,42.742468,-71.179218
01845,42.673909,-71.091334
01850,42.656045,-71.303309
01851,42.627812,-71.335330
01852,42.631912,-71.296025
01854,42.649481,-71.348229
01860,42.838603,-71.011997
01862,42.578543,-71.295592
01863,42.633780,-71.389470
01864,42.578222,-71.084398
01867,42.535183,-71.105423
01876,42.611801,-71.227571
01879,42.667762,-71.428820
01880,42.501524,-71.067489
01886,42.585541,-71.440250
01887,42.564647,-71.164516
01890,42.452752,-71.144319
01901,42.460419,-70.946379
01902,42.471039,-70.941535
01904,42.492456,-70.973930
01905,42.465998,-70.975792
01906,42.468432,-71.013946
01907,42.474145,-70.906597
01908,42.428256,-70.926041
01913,42.851293,-70.955810
01915,42.570665,-70.867583
01921,42.683108,-71.018330
01922,42.757313,-70.914241
01923,42.574174,-70.950516
01929,42.640420,-70.771172
01930,42.619910,-70.681824
01937,42.585723,-70.984051
01938,42.683860,-70.842666
01940,42.534146,-71.038333
01944,42.576636,-70.767154
01945,42.501835,-70.859126
01949,42.606666,-71.010316
01950,42.812358,-70.891095
01951,42.773351,-70.850211
01952,42.844793,-70.841476
01960,42.534279,-70.969782
01966,42.640715,-70.620248
01969,42.720873,-70.891220
01970,42.524435,-70.870859
01982,42.626223,-70.857230
01983,42.641379,-70.943440
01984,42.600633,-70.883303
01985,42.799565,-70.964428
02019,42.076682,-71.474490
02021,42.175737,-71.125385
02025,42.236423,-70.814436
02026,42.246872,-71.179462
02030,42.234160,-71.291167
02032,42.156882,-71.216187
02035,42.061338,-71.245802
02038,42.084858,-71.410571
02043,42.216098,-70.881270
02045,42.292253,-70.923919
02047,42.133914,-70.686037
02048,42.017302,-71.216410
02050,42.115139,-70.710331
02052,42.184599,-71.305307
02053,42.156203,-71.430345
02054,42.173091,-71.363751
02056,42.113655,-71.334163
02061,42.164569,-70.818844
02062,42.187360,-71.195955
02066,42.202273,-70.758184
02067,42.107600,-71.181828
02071,42.103425,-71.273589
02072,42.119006,-71.103650
02081,42.146694,-71.270532
02090,42.219645,-71.216769
02093,42.052671,-71.356858
02108,42.357768,-71.064858
02109,42.367032,-71.050493
02110,42.361962,-71.047846
02111,42.350518,-71.059077
02113,42.365331,-71.055233
02114,42.363174,-71.068646
02115,42.337105,-71.105696
02116,42.350579,-71.076397
02118,42.337582,-71.070482
02119,42.324029,-71.085017
02120,42.332090,-71.096545
02121,42.306267,-71.085897
02122,42.291413,-71.042158
02124,42.285805,-71.070571
02125,42.315682,-71.055555
02126,42.274227,-71.097423
02127,42.334992,-71.039093
02128,42.361129,-71.006975
02129,42.379657,-71.061487
02130,42.309174,-71.113835
02131,42.284333,-71.126228
02132,42.280455,-71.162017
02134,42.358016,-71.128608
02135,42.349688,-71.153964
02136,42.255083,-71.129220
02138,42.379637,-71.135152
02139,42.362986,-71.103353
02140,42.392157,-71.133996
02141,42.370300,-71.082560
02142,42.361471,-71.081994
02143,42.381409,-71.096714
02144,42.399655,-71.122550
02145,42.391577,-71.089910
02148,42.429380,-71.058706
02149,42.405938,-71.054649
02150,42.396824,-71.031348
02151,42.418290,-71.001251
02152,42.373055,-70.974807
02155,42.423840,-71.107673
02163,42.366168,-71.122850
02169,42.248386,-71.002279
02170,42.266415,-71.015576
02171,42.293310,-71.018208
02176,42.455723,-71.059019
02180,42.474208,-71.097665
02184,42.206188,-71.002320
02186,42.241557,-71.082432
02188,42.204578,-70.957749
02189,42.209776,-70.928189
02190,42.166731,-70.952363
02191,42.243453,-70.942033
02199,42.347476,-71.082035
02203,42.360598,-71.058775
02210,42.347472,-71.039271
02215,42.347635,-71.103082
02301,42.078371,-71.042304
02302,42.088907,-70.998375
02322,42.132460,-71.054013
02324,41.972387,-70.978778
02330,41.878644,-70.743198
02332,42.044325,-70.706075
02333,42.037278,-70.940459
02338,42.002811,-70.863473
02339,42.122956,-70.856310
02341,42.050464,-70.867418
02343,42.140244,-70.997347
02346,41.878004,-70.869267
02347,41.834412,-70.957163
02351,42.119964,-70.957216
02356,42.060532,-71.119676
02357,42.054978,-71.080651
02359,42.067804,-70.805713
02360,41.882056,-70.631290
02364,41.987196,-70.741942
02366,41.850984,-70.654984
02367,41.959100,-70.802753
02368,42.176446,-71.051567
02370,42.130399,-70.910615
02375,42.003041,-71.076928
02379,42.021617,-71.026717
02382,42.078974,-70.939390
02420,42.457055,-71.215464
02421,42.438547,-71.239573
02445,42.325483,-71.135045
02446,42.343503,-71.122248
02451,42.397823,-71.255708
02452,42.392721,-71.213532
02453,42.369542,-71.240513
02457,42.299388,-71.274242
02458,42.353585,-71.188192
02459,42.314779,-71.192017
02460,42.351824,-71.208490
02461,42.317362,-71.206508
02462,42.328708,-71.255900
02464,42.312975,-71.218882
02465,42.348912,-71.226330
02466,42.344457,-71.248617
02467,42.314344,-71.152759
02468,42.328553,-71.229530
02472,42.369451,-71.177925
02474,42.420949,-71.156370
02476,42.415637,-71.175670
02478,42.395317,-71.180284
02481,42.311927,-71.275531
02482,42.293103,-71.298537
02492,42.276029,-71.244543
02493,42.360502,-71.303433
02494,42.299490,-71.232519
02532,41.751759,-70.597552
02534,41.668942,-70.619407
02535,41.337159,-70.761031
02536,41.596305,-70.567467
02537,41.728418,-70.435812
02538,41.777476,-70.642148
02539,41.377655,-70.522080
02540,41.573881,-70.632049
02542,41.707839,-70.545520
02543,41.478974,-70.766911
02553,41.711561,-70.622853
02554,41.291167,-70.092826
02556,41.639445,-70.624515
02557,41.441713,-70.576143
02558,41.745017,-70.653513
02559,41.690243,-70.616283
02561,41.766737,-70.540595
02562,41.787209,-70.526717
02563,41.728137,-70.476549
02564,41.271979,-69.984406
02568,41.458608,-70.613479
02571,41.761187,-70.695991
02575,41.400252,-70.656934
02576,41.772221,-70.762948
02584,41.258688,-70.007142
02601,41.657961,-70.298093
02630,41.706769,-70.312530
02631,41.747513,-70.066223
02632,41.659097,-70.346877
02633,41.689734,-69.972126
02635,41.624054,-70.439397
02637,41.705726,-70.270928
02638,41.730228,-70.197398
02639,41.668067,-70.136979
02641,41.751246,-70.153472
02642,41.841331,-69.977436
02643,41.797777,-69.937327
02644,41.683488,-70.510786
02645,41.711052,-70.057609
02646,41.670596,-70.071449
02647,41.630127,-70.310144
02648,41.670946,-70.415370
02649,41.616801,-70.490097
02650,41.701947,-69.961375
02651,41.874985,-70.003492
02652,42.049537,-70.094991
02653,41.769125,-69.973580
02655,41.627984,-70.392013
02657,42.059829,-70.200407
02659,41.681465,-70.023537
02660,41.707699,-70.158560
02663,41.894444,-70.012180
02664,41.674727,-70.195648
02666,41.990780,-70.045714
02667,41.921997,-70.023356
02668,41.716216,-70.363070
02669,41.666693,-69.989716
02670,41.660113,-70.170678
02671,41.670839,-70.113400
02672,41.635700,-70.313634
02673,41.655712,-70.247044
02675,41.704155,-70.231801
02702,41.785113,-71.059047
02703,41.931653,-71.294503
02713,41.441295,-70.902217
02715,41.803649,-71.153380
02717,41.760108,-70.972874
02718,41.862486,-71.011690
02719,41.633619,-70.871306
02720,41.725050,-71.121329
02721,41.675125,-71.148281
02723,41.692705,-71.129726
02724,41.683936,-71.177500
02725,41.720043,-71.188272
02726,41.759700,-71.144592
02738,41.704138,-70.752225
02739,41.665794,-70.814531
02740,41.637485,-70.938265
02743,41.718217,-70.901151
02744,41.606252,-70.913632
02745,41.700737,-70.950546
02746,41.660995,-70.940137
02747,41.664711,-71.015699
02748,41.553084,-70.971453
02760,41.972509,-71.334397
02762,42.012800,-71.336602
02763,41.966866,-71.308574
02764,41.851929,-71.153598
02766,41.965341,-71.181780
02767,41.940996,-71.048499
02769,41.846878,-71.244870
02770,41.759846,-70.838449
02771,41.842106,-71.322309
02777,41.758163,-71.214181
02779,41.838061,-71.077615
02780,41.909112,-71.118346
02790,41.599176,-71.082371
02791,41.528538,-71.078091
02802,41.952130,-71.456233
02804,41.434772,-71.769527
02806,41.734753,-71.319732
02807,41.176815,-71.577085
02808,41.408251,-71.749674
02809,41.675730,-71.273331
02812,41.478948,-71.652334
02813,41.394216,-71.669822
02814,41.895948,-71.700406
02815,41.774630,-71.647954
02816,41.696499,-71.622662
02817,41.637083,-71.678361
02818,41.642919,-71.485719
02822,41.570210,-71.626993
02825,41.782067,-71.726833
02826,41.982746,-71.653144
02827,41.698748,-71.739118
02828,41.879928,-71.563999
02830,41.974930,-71.651187
02831,41.774762,-71.620289
02832,41.514717,-71.729622
02833,41.492067,-71.769901
02835,41.510088,-71.378366
02836,41.454681,-71.620208
02837,41.518769,-71.167247
02838,41.965257,-71.476374
02839,41.940757,-71.641513
02840,41.478216,-71.322375
02841,41.511864,-71.332175
02842,41.518673,-71.281685
02852,41.588565,-71.459811
02857,41.822761,-71.633605
02858,41.964461,-71.651336
02859,41.959073,-71.757323
02860,41.870562,-71.388681
02861,41.878603,-71.353131
02863,41.890064,-71.393481
02864,41.966913,-71.428933
02865,41.915455,-71.449815
02871,41.587299,-71.261246
02872,41.597055,-71.320666
02873,41.533083,-71.780518
02874,41.508687,-71.481743
02875,41.456486,-71.638865
02876,41.994278,-71.585490
02878,41.609436,-71.178113
02879,41.424019,-71.534277
02881,41.478083,-71.524717
02882,41.415152,-71.465251
02885,41.725138,-71.258805
02886,41.703849,-71.455568
02888,41.747671,-71.406118
02889,41.700591,-71.376927
02891,41.361854,-71.789689
02892,41.492004,-71.594774
02893,41.679006,-71.518688
02894,41.444477,-71.703238
02895,42.001706,-71.499949
02896,41.975186,-71.544069
02898,41.517640,-71.668521
02903,41.818230,-71.409088
02904,41.858334,-71.436294
02905,41.784725,-71.396103
02906,41.840169,-71.390408
02907,41.798593,-71.424630
02908,41.839825,-71.436794
02909,41.821417,-71.453215
02910,41.774999,-71.435594
02911,41.854888,-71.472812
02912,41.825593,-71.402239
02914,41.814838,-71.365333
02915,41.772847,-71.354839
02916,41.842661,-71.352438
02917,41.905774,-71.523305
02919,41.827440,-71.519879
02920,41.767344,-71.465508
02921,41.768455,-71.515778
03031,42.874864,-71.600503
03032,42.997261,-71.363424
03033,42.749263,-71.675670
03034,43.056870,-71.340559
03036,42.984530,-71.255104
03037,43.141274,-71.248197
03038,42.892761,-71.276763
03042,43.054187,-71.084193
03043,42.997000,-71.817788
03044,43.000370,-71.119161
03045,43.021515,-71.563462
03046,43.116338,-71.595355
03047,42.938740,-71.879424
03048,42.742874,-71.761755
03049,42.749626,-71.585401
03051,42.760508,-71.409494
03052,42.846081,-71.468283
03053,42.869839,-71.387845
03054,42.852034,-71.519876
03055,42.818645,-71.673354
03057,42.908885,-71.694199
03060,42.741087,-71.458266
03062,42.722323,-71.501176
03063,42.782084,-71.518043
03064,42.779378,-71.474918
03070,42.981209,-71.677520
03071,42.746257,-71.874434
03076,42.730992,-71.337073
03077,43.038038,-71.205107
03079,42.788264,-71.221726
03082,42.896409,-71.768341
03084,42.826913,-71.875292
03086,42.832235,-71.759609
03087,42.811092,-71.302688
03101,42.989027,-71.466111
03102,43.011907,-71.491063
03103,42.950538,-71.446547
03104,43.009552,-71.439782
03106,43.082584,-71.446878
03109,42.963734,-71.400350
03110,42.935584,-71.536871
03215,43.942653,-71.447732
03216,43.451175,-71.797940
03217,43.726075,-71.642508
03218,43.338034,-71.277262
03220,43.474458,-71.482210
03221,43.258003,-71.960169
03222,43.642709,-71.789139
03223,43.855414,-71.685470
03224,43.362490,-71.558020
03225,43.363816,-71.241730
03226,43.711764,-71.504236
03227,43.841192,-71.480852
03229,43.202187,-71.696803
03230,43.508647,-71.890241
03231,43.473341,-71.762339
03233,43.424011,-71.931200
03234,43.204812,-71.348563
03235,43.449136,-71.674267
03237,43.423058,-71.387218
03238,43.984428,-71.911271
03240,43.574714,-71.952004
03241,43.751504,-71.817394
03242,43.169407,-71.831201
03243,43.528306,-71.769192
03244,43.128103,-71.916940
03245,43.761590,-71.583345
03246,43.576496,-71.482301
03249,43.519156,-71.375593
03251,44.100673,-71.494074
03253,43.631211,-71.498585
03254,43.717721,-71.369179
03255,43.314026,-72.024551
03256,43.623334,-71.632615
03257,43.417721,-71.990609
03258,43.265259,-71.408835
03259,43.875712,-71.395018
03260,43.343127,-71.923616
03261,43.211856,-71.223393
03262,43.999889,-71.714447
03263,43.288501,-71.309368
03264,43.738799,-71.702722
03266,43.782855,-71.884727
03268,43.386099,-71.772917
03269,43.524186,-71.601607
03273,43.301982,-71.926953
03275,43.170513,-71.417063
03276,43.431031,-71.575998
03278,43.308930,-71.835506
03279,43.965830,-71.859100
03280,43.190068,-72.093879
03281,43.078057,-71.703708
03282,43.858721,-71.923718
03284,43.473002,-72.013536
03285,43.947870,-71.635802
03287,43.443115,-71.922637
03290,43.129847,-71.131859
03291,43.179131,-71.142619
03293,43.970620,-71.679913
03301,43.238549,-71.555988
03303,43.311685,-71.665421
03304,43.133177,-71.537242
03307,43.333988,-71.446658
03431,42.965044,-72.294803
03440,43.050291,-71.981967
03441,42.780669,-72.446994
03442,43.020281,-71.903693
03443,42.875727,-72.456114
03444,42.889279,-72.069849
03445,43.020616,-72.214374
03446,42.858271,-72.296360
03447,42.753205,-72.153028
03448,43.052622,-72.274498
03449,42.977339,-71.997821
03450,42.948515,-72.068894
03451,42.809298,-72.504822
03452,42.829254,-72.059901
03455,42.901769,-72.172904
03456,43.138544,-72.208769
03457,42.999482,-72.121703
03458,42.868369,-71.940102
03461,42.756663,-72.013247
03462,42.889241,-72.388978
03464,43.090822,-72.126816
03465,42.828785,-72.188940
03466,42.890398,-72.502989
03467,42.968075,-72.430856
03470,42.771370,-72.354216
03561,44.343350,-71.795116
03570,44.504596,-71.155466
03574,44.260435,-71.609203
03575,44.313744,-71.402889
03576,44.912445,-71.385112
03579,44.964771,-71.025563
03580,44.163448,-71.693296
03581,44.289765,-71.152184
03582,44.563265,-71.442474
03583,44.396741,-71.464694
03584,44.483853,-71.545865
03585,44.222416,-71.877173
03586,44.218410,-71.800240
03588,44.623040,-71.211846
03590,44.749655,-71.478749
03592,45.116236,-71.261110
03593,44.301498,-71.299826
03595,44.305211,-71.497351
03597,44.744797,-71.381584
03598,44.378898,-71.628699
03601,43.238837,-72.286124
03602,43.140832,-72.347568
03603,43.246634,-72.383931
03604,43.127333,-72.376864
03605,43.236564,-72.184869
03607,43.196510,-72.268353
03608,43.076505,-72.395926
03609,43.143932,-72.446437
03740,44.184481,-71.978837
03741,43.676940,-72.007001
03743,43.360727,-72.326929
03745,43.476437,-72.334130
03746,43.494376,-72.257151
03748,43.589099,-72.132135
03750,43.721023,-72.185207
03751,43.449753,-72.092311
03752,43.271965,-72.100703
03753,43.516590,-72.149093
03754,43.377461,-72.138390
03755,43.727746,-72.142753
03765,44.035225,-72.050202
03766,43.632568,-72.234816
03768,43.816634,-72.094295
03770,43.531300,-72.258815
03771,44.296664,-71.980649
03773,43.371345,-72.202789
03774,44.099753,-71.985475
03777,43.883227,-72.033583
03779,43.961850,-72.001291
03780,44.046677,-71.988955
03781,43.560058,-72.299358
03782,43.390088,-72.093129
03784,43.638325,-72.306490
03785,44.043516,-71.912200
03801,43.074812,-70.805443
03809,43.464959,-71.200405
03810,43.512833,-71.294635
03811,42.839103,-71.167180
03812,44.081130,-71.297237
03813,44.127402,-71.060836
03814,43.770937,-71.181505
03816,43.689431,-71.258778
03817,43.887170,-71.229402
03818,43.959771,-71.274013
03819,42.927892,-71.119888
03820,43.190658,-70.887655
03823,43.174607,-70.941453
03824,43.117186,-70.918788
03825,43.215566,-71.038980
03826,42.890002,-71.130675
03827,42.903739,-70.995570
03830,43.614109,-70.993572
03832,43.906960,-71.047520
03833,42.978415,-70.987522
03835,43.372559,-71.083260
03836,43.842055,-71.075122
03837,43.422251,-71.336087
03838,44.110671,-71.223276
03839,43.262994,-70.991203
03840,43.039732,-70.845622
03841,42.881861,-71.182399
03842,42.939601,-70.836728
03844,42.924811,-70.886242
03845,44.095413,-71.120545
03846,44.187626,-71.155760
03847,44.071999,-71.123967
03848,42.913731,-71.073595
03849,43.902455,-71.129871
03850,43.690629,-71.297611
03851,43.437283,-71.025251
03852,43.495013,-70.986040
03853,43.642843,-71.282735
03854,43.062161,-70.716884
03855,43.463687,-71.152140
03856,43.038509,-70.967954
03857,43.070909,-70.946875
03858,42.870369,-71.045915
03860,44.035706,-71.117232
03861,43.119202,-71.007082
03862,42.979934,-70.829441
03864,43.689928,-71.103444
03865,42.845597,-71.093260
03867,43.303528,-70.988238
03868,43.323179,-70.933650
03869,43.219815,-70.843107
03870,43.008649,-70.758330
03871,42.980948,-70.777362
03872,43.570559,-71.043233
03873,42.934018,-71.183605
03874,42.883123,-70.860823
03875,43.895078,-71.189275
03878,43.253476,-70.887944
03882,43.746733,-71.041910
03883,43.808537,-71.320336
03884,43.275308,-71.170004
03885,43.014997,-70.902586
03886,43.864038,-71.296068
03887,43.499674,-71.073889
03890,43.800602,-71.201489
03894,43.603773,-71.177139
03901,43.299332,-70.842077
03902,43.214916,-70.628806
03903,43.146499,-70.774320
03904,43.108051,-70.728595
03905,43.086194,-70.686846
03906,43.352258,-70.779435
03907,43.255894,-70.610967
03908,43.230492,-70.752426
03909,43.166460,-70.679004
03910,43.185309,-70.603455
03911,43.142293,-70.626458
04001,43.519795,-70.923465
04002,43.489069,-70.661906
04003,43.727261,-69.956899
04005,43.492102,-70.486566
04006,43.444292,-70.344570
04008,44.044232,-69.863767
04009,44.047513,-70.743319
04010,43.930799,-70.918584
04011,43.896405,-69.973436
04015,43.976287,-70.521109
04017,43.738955,-70.088396
04019,43.686216,-70.102838
04020,43.767186,-70.808862
04021,43.791796,-70.264762
04022,43.995935,-70.813980
04024,43.836320,-70.685245
04027,43.399909,-70.912785
04029,43.902531,-70.689568
04030,43.589062,-70.696275
04032,43.844826,-70.089953
04037,44.101677,-70.942769
04038,43.703617,-70.463780
04039,43.904551,-70.367027
04040,44.143452,-70.820154
04041,43.848997,-70.830764
04042,43.631019,-70.614369
04043,43.392979,-70.577032
04046,43.429829,-70.474124
04047,43.732798,-70.899149
04048,43.688481,-70.781883
04049,43.745748,-70.699807
04050,43.685939,-70.153919
04051,44.192471,-70.885803
04055,43.975769,-70.639298
04056,43.659549,-70.883523
04057,44.101552,-70.698919
04061,43.633558,-70.739479
04062,43.794689,-70.405329
04063,43.500389,-70.395326
04064,43.525032,-70.388253
04066,43.765541,-69.966983
04068,43.837898,-70.946568
04069,43.903914,-70.182018
04071,43.926746,-70.450760
04072,43.550411,-70.466341
04073,43.418643,-70.747779
04074,43.589627,-70.366191
04076,43.554017,-70.832796
04079,43.790591,-69.971530
04083,43.464119,-70.814287
04084,43.762140,-70.566688
04085,43.773320,-70.616514
04086,43.964977,-69.955624
04087,43.569278,-70.743999
04088,44.202838,-70.722272
04090,43.331432,-70.645586
04091,43.839321,-70.744838
04092,43.707920,-70.352602
04093,43.636260,-70.538842
04095,43.628610,-70.913904
04096,43.788137,-70.156478
04097,43.846092,-70.241798
04101,43.662607,-70.257949
04102,43.654591,-70.297989
04103,43.694105,-70.287927
04105,43.740472,-70.277172
04106,43.631402,-70.285989
04107,43.587173,-70.236476
04108,43.660278,-70.186053
04109,43.637528,-70.171426
04110,43.746027,-70.180065
04210,44.084537,-70.249649
04216,44.708634,-70.854911
04217,44.380100,-70.815239
04219,44.400747,-70.558110
04220,44.342620,-70.347440
04221,44.481538,-70.277339
04222,43.956021,-70.132418
04224,44.559945,-70.415762
04226,44.594476,-70.692505
04227,44.568123,-70.293139
04228,44.433489,-70.115250
04231,44.263059,-70.875479
04234,44.623831,-70.191893
04236,44.189754,-70.145088
04237,44.494500,-70.734421
04238,44.209257,-70.388878
04239,44.516897,-70.202187
04240,44.089594,-70.172185
04250,44.010547,-70.127409
04252,44.036688,-70.058799
04253,44.411638,-70.216186
04254,44.445337,-70.138076
04255,44.345792,-70.655701
04256,44.104897,-70.404680
04257,44.553098,-70.495260
04258,44.137940,-70.336334
04259,44.233505,-70.014723
04260,43.957508,-70.296011
04261,44.503525,-70.961709
04263,44.295351,-70.133074
04265,44.279255,-70.042845
04267,44.206591,-70.792354
04268,44.225867,-70.610021
04270,44.117335,-70.527478
04271,44.263611,-70.498190
04274,44.048106,-70.393563
04275,44.702596,-70.647585
04276,44.559920,-70.625264
04280,44.116831,-70.062582
04281,44.248001,-70.490816
04282,44.265107,-70.247980
04284,44.362503,-70.061230
04285,44.697513,-70.448975
04286,44.401438,-70.865079
04287,44.051212,-69.968192
04289,44.319278,-70.522647
04290,44.460915,-70.451923
04292,44.385909,-70.449596
04294,44.637914,-70.275434
04330,44.351895,-69.747626
04342,44.086173,-69.736988
04343,44.328707,-69.891691
04344,44.260548,-69.827805
04345,44.195074,-69.793912
04346,44.237286,-69.751247
04347,44.287241,-69.818040
04348,44.210864,-69.499152
04349,44.434007,-70.067034
04350,44.172142,-69.934500
04351,44.342427,-69.861935
04352,44.466488,-69.960450
04353,44.198014,-69.619689
04354,44.396114,-69.430630
04355,44.384388,-69.950200
04357,44.116833,-69.829607
04358,44.414473,-69.535271
04359,44.177792,-69.762596
04360,44.554821,-69.999643
04363,44.315485,-69.571186
04364,44.309991,-69.963093
04401,44.848517,-68.850405
04406,45.229183,-69.596521
04408,44.893880,-68.303832
04410,45.088260,-68.906681
04411,44.868349,-68.586337
04412,44.784754,-68.735012
04413,45.561415,-67.764628
04414,45.442861,-69.114570
04415,45.400376,-69.057877
04416,44.623798,-68.749742
04417,45.231514,-68.341886
04418,45.086448,-68.465508
04419,44.800454,-69.003117
04421,44.409006,-68.815533
04422,45.077652,-69.031432
04424,45.680311,-67.876199
04426,45.213059,-69.189134
04427,44.980538,-69.010880
04428,44.805800,-68.554003
04429,44.721160,-68.617002
04430,45.636841,-68.575197
04431,44.560978,-68.672727
04434,44.763866,-69.128068
04435,44.963225,-69.125005
04438,44.598953,-68.928337
04441,45.702416,-69.623233
04442,45.497692,-69.727290
04443,45.227772,-69.353263
04444,44.728980,-68.949964
04448,45.296196,-68.711060
04449,44.992636,-68.888475
04450,44.916049,-68.927991
04451,45.607010,-68.222173
04453,45.162250,-68.760531
04454,45.552117,-67.561059
04455,45.299422,-68.259742
04456,44.876817,-68.996652
04457,45.413427,-68.479871
04459,45.588735,-68.339985
04460,45.712888,-68.521326
04461,44.954787,-68.582438
04462,45.972769,-69.012445
04463,45.286832,-68.895109
04464,45.441524,-69.304939
04468,45.024673,-68.734534
04469,44.901066,-68.668303
04471,45.916545,-67.856824
04472,44.576320,-68.669915
04473,44.881680,-68.738644
04474,44.688778,-68.762805
04475,45.183587,-68.589614
04476,44.482703,-68.705997
04478,45.865239,-69.815623
04479,45.124216,-69.287019
04481,45.245979,-69.092775
04485,45.358040,-69.630292
04487,45.387737,-68.104471
04488,44.871640,-69.113926
04489,44.910362,-68.690189
04490,45.436636,-67.867623
04491,45.573159,-67.470651
04492,45.367045,-67.681322
04493,45.236824,-68.524576
04495,45.477433,-68.338980
04496,44.650751,-68.908918
04497,45.754610,-68.060944
04530,43.888228,-69.826699
04535,44.098468,-69.629176
04537,43.875449,-69.620688
04538,43.851505,-69.627611
04539,43.973542,-69.501972
04541,43.894242,-69.476881
04543,44.022356,-69.490757
04544,43.844446,-69.582305
04547,43.978605,-69.332579
04548,43.833447,-69.738561
04551,43.975714,-69.430661
04553,44.052277,-69.567522
04554,43.862731,-69.512323
04555,44.101248,-69.482658
04556,43.975929,-69.610837
04558,43.885128,-69.514471
04562,43.770817,-69.819176
04563,44.013924,-69.258707
04564,43.921687,-69.464934
04568,43.871809,-69.558281
04570,43.808546,-69.630765
04571,43.896656,-69.674170
04572,44.122084,-69.383354
04573,43.951357,-69.552330
04574,44.260639,-69.391524
04575,43.852150,-69.662201
04576,43.813339,-69.662868
04578,43.982445,-69.692754
04579,43.959656,-69.769351
04605,44.672809,-68.391841
04606,44.540726,-67.712364
04607,44.467048,-68.086866
04609,44.397470,-68.263808
04611,44.466957,-67.612596
04612,44.231530,-68.414514
04613,44.376983,-68.029882
04614,44.402775,-68.568701
04616,44.261324,-68.540355
04617,44.350024,-68.766477
04619,45.142952,-67.217524
04622,44.750666,-67.966927
04623,44.744467,-67.733658
04624,44.423951,-67.985876
04625,44.256370,-68.266282
04626,44.669023,-67.221990
04627,44.237010,-68.607845
04628,44.873113,-67.281078
04629,44.422694,-68.506049
04630,44.870323,-67.476553
04631,44.910958,-67.008913
04634,44.650967,-68.221271
04635,44.172234,-68.351482
04637,45.196916,-67.816173
04640,44.524572,-68.285250
04642,44.330584,-68.809947
04643,44.538027,-67.818538
04644,44.413835,-68.252076
04645,44.066574,-68.615750
04646,44.245566,-68.224954
04648,44.665504,-67.594970
04649,44.547110,-67.489830
04650,44.292625,-68.722885
04652,44.819713,-67.062328
04653,44.209467,-68.334648
04654,44.757152,-67.539897
04655,44.655762,-67.378971
04657,44.970309,-67.415773
04658,44.507821,-67.877963
04660,44.335753,-68.345729
04662,44.300958,-68.292447
04664,44.539656,-68.119741
04666,44.980584,-67.223672
04667,44.983542,-67.101382
04668,45.212926,-67.585966
04669,44.408250,-68.014884
04671,45.067341,-67.149953
04673,44.317252,-68.680481
04674,44.274254,-68.458828
04675,44.301347,-68.251148
04676,44.346880,-68.634365
04677,44.476822,-68.181506
04679,44.278734,-68.324541
04680,44.478414,-67.947062
04681,44.150464,-68.645327
04683,44.245208,-68.787815
04684,44.467466,-68.507324
04685,44.151687,-68.465212
04686,44.996537,-67.694027
04691,44.760322,-67.255047
04693,44.376372,-68.093638
04694,45.115083,-67.477541
04730,46.191023,-67.860968
04732,46.327493,-68.939198
04733,45.757478,-68.404152
04734,46.468001,-67.956337
04735,46.414672,-67.860722
04736,46.911495,-68.029189
04739,46.995906,-68.672927
04740,46.633304,-67.847623
04741,47.453712,-69.222921
04742,46.776241,-67.859197
04743,47.200266,-68.614333
04745,47.282101,-68.388783
04746,47.256149,-68.137481
04747,46.004972,-68.233771
04750,46.954967,-67.857437
04756,47.321708,-68.298213
04757,46.667614,-68.168635
04758,46.559272,-67.853225
04760,46.339341,-67.954874
04761,46.117254,-67.975284
04762,46.958248,-68.124731
04763,46.075083,-68.114975
04764,46.398929,-68.585323
04765,46.158786,-68.591119
04766,46.892463,-68.215780
04768,46.863399,-68.892093
04769,46.688952,-67.991914
04772,47.230084,-68.311449
04773,47.267434,-68.223039
04774,47.077040,-69.154500
04776,45.871695,-68.324753
04777,45.842521,-68.501076
04779,47.124514,-68.324032
04780,46.239244,-68.285281
04781,47.150199,-68.613495
04783,47.040124,-68.175050
04785,47.131861,-67.977959
04786,46.794921,-68.192051
04787,46.533465,-67.966076
04841,44.133536,-69.133822
04843,44.238406,-69.064039
04847,44.241178,-69.188513
04848,44.298880,-68.915250
04849,44.316106,-69.025998
04851,43.877110,-68.868680
04852,43.766602,-69.309833
04853,44.136346,-68.866756
04854,44.075524,-69.079843
04855,43.938358,-69.264531
04856,44.180604,-69.122109
04858,44.046510,-69.154060
04859,43.999115,-69.144355
04860,43.979599,-69.216040
04861,44.107714,-69.171425
04862,44.262706,-69.277723
04863,44.068815,-68.853314
04864,44.128010,-69.243885
04901,44.541099,-69.573012
04910,44.508311,-69.445210
04911,44.769927,-69.972548
04912,44.980705,-69.689878
04915,44.463502,-69.037571
04917,44.487734,-69.838637
04918,44.516779,-69.866480
04920,45.142341,-69.854458
04921,44.560894,-69.136548
04922,44.687730,-69.384721
04923,45.029009,-69.445746
04924,44.782241,-69.546315
04925,45.212372,-69.903397
04926,44.480122,-69.513888
04927,44.665474,-69.540766
04928,44.943471,-69.258242
04929,44.773091,-69.301537
04930,45.027572,-69.317970
04932,44.697571,-69.143703
04933,44.816495,-69.231348
04936,45.422238,-70.623926
04937,44.651653,-69.661276
04938,44.661856,-70.103104
04939,45.077258,-69.158771
04940,44.623994,-70.083293
04941,44.470053,-69.284182
04942,45.077022,-69.586446
04943,44.879823,-69.520500
04944,44.686891,-69.643928
04945,45.869605,-70.266055
04947,45.049288,-70.268762
04949,44.369093,-69.336000
04950,44.826354,-69.799713
04951,44.607217,-69.071281
04952,44.412796,-69.154791
04953,44.860300,-69.236698
04955,44.647207,-69.993337
04956,44.807906,-70.109840
04957,44.702067,-69.843372
04958,44.896903,-69.917316
04961,45.137779,-70.144293
04962,44.489076,-69.625948
04963,44.589007,-69.887309
04964,44.866916,-70.774098
04965,44.843151,-69.368356
04966,44.814699,-70.427311
04967,44.769841,-69.433670
04969,44.785282,-69.236277
04970,45.007913,-70.618162
04971,44.929680,-69.391278
04973,44.368254,-69.186293
04974,44.470906,-68.928662
04975,44.625354,-69.588334
04976,44.789271,-69.667734
04978,44.641819,-69.799890
04979,44.939380,-69.808142
04981,44.514019,-68.839050
04982,45.098126,-70.430547
04983,44.979400,-70.367301
04984,44.696586,-70.267203
04985,45.369441,-69.931095
04986,44.549460,-69.211292
04987,44.674148,-69.251844
04988,44.570148,-69.362441
04989,44.429335,-69.648294
04992,44.663657,-70.162677
05001,43.672188,-72.380193
05031,43.702242,-72.595300
05032,43.801580,-72.657760
05033,44.012176,-72.158296
05034,43.574514,-72.643229
05035,43.611804,-72.685996
05036,44.023908,-72.587891
05037,43.457741,-72.493459
05038,43.989747,-72.454953
05039,44.063294,-72.313078
05040,44.069880,-72.198724
05041,43.956596,-72.538539
05042,44.222165,-72.096756
05043,43.805093,-72.204671
05045,43.917790,-72.180112
05046,44.232453,-72.257516
05048,43.580615,-72.427711
05050,44.266812,-72.064006
05051,44.104485,-72.121743
05052,43.596986,-72.359722
05053,43.719447,-72.489225
05055,43.777628,-72.323984
05056,43.508851,-72.693755
05058,43.881263,-72.272288
05059,43.637817,-72.427734
05060,43.967072,-72.708604
05061,43.916755,-72.570182
05062,43.496493,-72.599969
05065,43.782477,-72.423363
05067,43.677373,-72.518063
05068,43.780996,-72.547512
05069,44.204072,-72.131204
05070,43.851622,-72.343301
05071,43.561557,-72.546332
05072,43.898928,-72.372069
05075,43.845086,-72.282536
05076,44.141854,-72.230959
05077,43.908796,-72.459306
05079,43.956765,-72.326539
05081,44.123038,-72.065864
05083,43.918899,-72.268095
05084,43.729739,-72.451439
05086,44.108949,-72.300730
05089,43.495591,-72.442313
05091,43.630741,-72.570302
05101,43.182144,-72.493221
05141,43.151168,-72.569224
05142,43.397517,-72.580475
05143,43.277630,-72.640348
05146,43.184942,-72.633977
05148,43.231362,-72.791008
05149,43.380553,-72.712124
05150,43.334435,-72.530792
05151,43.395317,-72.496973
05152,43.233343,-72.938985
05153,43.418436,-72.642552
05154,43.135197,-72.546165
05155,43.091967,-72.914343
05156,43.310627,-72.461623
05158,43.084054,-72.469725
05161,43.321441,-72.802903
05201,42.869211,-73.128516
05250,43.103713,-73.173145
05251,43.264154,-73.063670
05252,43.082047,-73.066766
05253,43.245762,-73.002071
05254,43.152272,-73.061422
05255,43.137652,-73.022415
05257,42.958719,-73.260755
05260,42.820569,-73.274398
05261,42.770285,-73.179047
05262,42.973750,-73.075240
05301,42.838680,-72.659997
05340,43.168974,-72.972363
05341,42.974544,-72.801051
05342,42.777497,-72.794821
05343,43.102664,-72.820014
05345,42.987266,-72.684706
05346,43.037688,-72.536522
05350,42.790943,-72.972640
05352,42.808047,-73.076277
05353,43.071050,-72.682202
05354,42.764133,-72.522086
05355,43.019478,-72.812148
05356,42.975529,-72.864581
05358,42.773345,-72.705469
05359,43.153086,-72.715918
05360,43.000119,-72.946971
05361,42.780694,-72.879131
05362,42.935220,-72.659896
05363,42.882781,-72.893126
05401,44.476621,-73.209998
05403,44.444866,-73.173468
05404,44.495587,-73.184857
05405,44.473735,-73.195610
05408,44.511852,-73.249611
05439,44.494527,-73.165270
05440,44.957882,-73.291974
05441,44.805549,-72.720243
05442,44.757187,-72.671334
05443,44.139443,-73.039930
05444,44.649728,-72.896957
05445,44.309955,-73.220978
05446,44.541259,-73.184415
05447,44.932454,-72.701892
05448,44.750291,-72.900865
05450,44.894578,-72.795246
05452,44.538624,-73.050223
05454,44.710289,-73.028877
05455,44.801687,-72.967393
05456,44.221416,-73.264595
05457,44.958733,-72.922009
05458,44.717847,-73.307486
05459,44.950060,-73.005367
05461,44.332701,-73.087409
05462,44.312539,-72.952108
05463,44.871325,-73.349200
05464,44.646262,-72.818997
05465,44.464175,-72.951057
05468,44.657371,-73.144488
05471,44.828065,-72.578206
05472,44.102761,-73.155209
05473,44.241936,-73.194663
05474,44.787732,-73.297992
05476,44.955228,-72.643138
05477,44.416769,-72.962422
05478,44.808422,-73.082507
05481,44.772921,-73.205391
05482,44.380662,-73.211006
05483,44.889912,-72.963139
05485,44.900339,-72.970903
05486,44.642247,-73.307740
05487,44.210341,-72.993405
05488,44.921329,-73.125393
05489,44.570909,-72.901598
05491,44.111961,-73.310796
05492,44.737637,-72.761773
05494,44.607422,-73.003642
05495,44.429066,-73.096243
05602,44.274953,-72.609475
05640,44.341880,-72.499842
05641,44.188842,-72.472172
05647,44.409482,-72.259129
05648,44.383292,-72.492477
05649,44.166555,-72.346600
05650,44.384616,-72.435941
05651,44.282307,-72.489262
05652,44.723753,-72.610965
05653,44.714895,-72.472740
05654,44.140286,-72.475659
05655,44.624262,-72.570417
05656,44.648124,-72.688840
05657,44.535509,-72.526720
05658,44.364724,-72.354830
05660,44.253995,-72.734479
05661,44.532336,-72.620258
05663,44.147613,-72.691275
05664,44.167173,-72.653138
05667,44.269042,-72.388870
05669,44.054111,-72.712962
05672,44.491806,-72.712611
05673,44.198969,-72.840833
05674,44.112526,-72.874028
05675,44.076165,-72.422633
05676,44.295598,-72.826991
05677,44.408300,-72.709972
05678,44.156758,-72.475424
05679,44.108944,-72.531912
05680,44.540596,-72.471939
05681,44.458081,-72.379134
05682,44.393305,-72.563490
05701,43.624577,-72.910204
05730,43.437589,-72.788657
05732,43.643813,-73.210774
05733,43.810474,-73.090280
05734,43.981724,-73.331937
05735,43.635473,-73.167760
05736,43.633443,-73.008486
05737,43.773182,-72.905861
05738,43.523441,-72.860171
05739,43.342621,-73.000196
05740,43.971751,-73.105275
05742,43.419653,-72.910801
05743,43.677330,-73.304926
05744,43.694013,-73.080457
05747,44.005291,-72.841314
05748,43.905325,-72.918146
05751,43.657594,-72.784406
05753,43.997783,-73.178295
05757,43.480102,-73.123641
05758,43.450789,-72.757786
05759,43.532111,-72.964801
05760,43.800615,-73.289701
05761,43.360927,-73.151758
05762,43.804081,-72.836973
05763,43.730204,-72.995230
05764,43.539935,-73.189193
05765,43.651666,-73.034649
05766,43.984937,-72.996775
05767,43.879408,-72.831685
05769,43.932071,-73.119822
05770,43.881953,-73.324504
05772,43.750797,-72.760914
05773,43.420109,-72.987065
05774,43.442986,-73.191086
05775,43.365956,-73.228386
05776,43.252854,-73.197348
05777,43.556449,-73.048787
05778,43.876421,-73.212536
05819,44.404737,-71.983075
05820,44.763124,-72.375244
05821,44.311345,-72.114854
05822,44.751643,-72.140274
05824,44.439085,-71.826104
05825,44.862501,-72.244465
05826,44.647727,-72.402091
05827,44.676898,-72.362504
05828,44.437504,-72.124822
05829,44.967210,-72.068265
05830,44.972100,-71.986969
05832,44.578371,-71.917466
05833,44.842157,-71.958546
05836,44.511564,-72.266145
05837,44.663809,-71.805296
05839,44.673683,-72.207014
05841,44.607670,-72.288602
05842,44.558929,-72.231568
05843,44.518714,-72.348965
05845,44.800772,-72.290572
05846,44.800887,-71.862687
05847,44.793437,-72.458451
05850,44.541247,-72.014699
05851,44.557132,-72.080590
05853,44.895936,-71.941265
05855,44.927131,-72.192236
05857,44.928911,-72.312700
05858,44.558787,-71.816917
05859,44.966671,-72.443035
05860,44.802660,-72.103996
05862,44.318185,-72.216116
05866,44.640739,-72.110885
05867,44.665071,-72.035973
05868,44.902125,-72.377929
05871,44.689305,-71.936955
05872,44.868527,-72.048033
05873,44.423380,-72.195095
05874,44.883474,-72.484958
05875,44.709849,-72.246956
05901,44.940810,-71.654783
05902,45.009587,-71.487927
05903,44.935091,-71.588009
05904,44.416217,-71.706540
05905,44.702095,-71.679481
05906,44.470995,-71.705947
05907,44.911161,-71.818697
06001,41.787159,-72.852046
06002,41.844930,-72.740951
06010,41.681578,-72.940749
06013,41.749079,-72.948657
06016,41.901899,-72.547432
06018,42.024629,-73.309616
06019,41.857508,-72.902765
06020,41.834618,-72.928722
06021,42.017229,-73.104821
06022,41.865433,-72.927326
06023,41.612590,-72.720095
06024,42.012137,-73.274264
06026,41.929719,-72.745378
06027,42.004930,-72.915699
06029,41.914149,-72.445568
06031,41.955257,-73.316785
06032,41.731051,-72.857096
06033,41.707463,-72.538932
06035,41.960682,-72.803846
06037,41.605477,-72.778459
06039,41.952698,-73.458626
06040,41.761415,-72.525608
06042,41.802752,-72.521008
06043,41.764589,-72.437575
06051,41.665141,-72.769832
06052,41.655568,-72.803107
06053,41.688039,-72.793469
06057,41.841053,-72.998664
06058,41.969922,-73.178473
06059,41.957029,-72.942485
06060,42.009151,-72.847465
06061,41.875600,-72.966840
06062,41.673639,-72.859729
06063,41.925197,-72.971286
06065,41.974651,-73.007676
06066,41.837561,-72.459040
06067,41.656624,-72.661779
06068,42.007238,-73.422228
06069,41.860763,-73.449215
06070,41.875857,-72.809376
06071,41.992633,-72.453725
06073,41.664442,-72.555040
06074,41.838090,-72.577836
06076,41.984442,-72.263453
06078,41.991611,-72.651744
06081,41.905187,-72.772551
06082,41.983993,-72.555553
06084,41.883019,-72.358869
06085,41.748955,-72.889415
06088,41.917911,-72.583371
06089,41.833424,-72.824618
06090,41.946484,-72.863185
06091,42.026504,-72.980213
06092,41.873452,-72.860524
06093,42.013232,-72.717370
06095,41.871037,-72.675082
06096,41.927630,-72.659703
06098,41.956189,-73.086364
06103,41.767208,-72.674257
06105,41.774705,-72.705037
06106,41.748587,-72.696006
06107,41.752304,-72.758098
06108,41.780375,-72.623945
06109,41.702484,-72.669301
06110,41.732683,-72.733603
06111,41.686993,-72.730839
06112,41.793336,-72.695823
06114,41.740854,-72.670695
06117,41.785160,-72.763564
06118,41.748702,-72.609686
06119,41.763421,-72.727208
06120,41.790263,-72.664259
06160,41.766607,-72.691149
06226,41.708238,-72.208549
06231,41.632864,-72.367321
06232,41.732982,-72.374658
06234,41.793886,-71.953265
06235,41.790890,-72.129540
06237,41.693707,-72.305671
06238,41.780138,-72.343943
06239,41.794040,-71.854535
06241,41.853901,-71.847371
06242,41.895596,-72.093305
06243,41.844870,-71.805029
06247,41.767801,-72.075026
06248,41.688585,-72.408671
06249,41.632955,-72.240090
06250,41.772955,-72.198446
06254,41.621212,-72.142609
06255,41.991087,-71.901952
06256,41.732152,-72.157361
06259,41.871502,-71.987646
06260,41.908027,-71.870452
06262,42.019311,-71.948384
06263,41.835236,-71.899848
06264,41.694210,-72.100366
06266,41.673661,-72.172813
06268,41.800444,-72.248030
06269,41.804414,-72.293165
06277,41.958388,-71.843920
06278,41.897123,-72.171427
06279,41.897267,-72.251848
06280,41.690986,-72.130094
06281,41.973476,-72.014137
06282,41.948870,-72.084820
06320,41.347450,-72.101743
06330,41.635570,-72.077527
06331,41.693960,-72.009118
06332,41.731216,-71.902335
06333,41.386032,-72.229092
06334,41.544925,-72.173849
06335,41.434707,-72.058533
06336,41.580577,-72.195867
06339,41.441939,-71.990545
06340,41.357477,-72.041780
06350,41.648507,-72.068444
06351,41.589788,-71.948385
06353,41.464427,-72.149606
06354,41.708767,-71.855386
06355,41.366899,-71.976371
06357,41.327149,-72.215344
06359,41.470969,-71.872525
06360,41.547860,-72.089488
06365,41.518652,-72.006597
06370,41.466982,-72.189275
06371,41.362386,-72.323754
06373,41.677728,-71.796067
06374,41.681892,-71.910965
06375,41.406338,-72.123236
06376,41.294060,-72.253950
06377,41.730545,-71.819313
06378,41.383211,-71.908408
06379,41.363472,-71.853197
06380,41.563417,-72.051631
06382,41.468946,-72.122739
06384,41.579192,-71.831228
06385,41.361730,-72.156576
06387,41.741171,-71.913021
06389,41.564183,-72.129164
06390,41.273580,-71.969009
06401,41.344249,-73.069825
06403,41.443685,-73.051925
06405,41.285002,-72.793549
06409,41.351081,-72.420167
06410,41.511827,-72.903617
06412,41.411728,-72.487146
06413,41.295610,-72.529125
06414,41.572231,-72.552319
06415,41.550291,-72.348616
06416,41.616657,-72.661586
06417,41.367819,-72.477442
06418,41.326124,-73.082574
06419,41.374419,-72.578328
06420,41.489351,-72.258380
06422,41.468922,-72.684525
06423,41.457474,-72.389153
06424,41.560603,-72.502329
06426,41.351136,-72.397164
06437,41.331777,-72.696816
06438,41.455264,-72.504397
06441,41.467705,-72.582163
06442,41.341898,-72.433732
06443,41.344481,-72.624521
06444,41.562671,-72.933271
06447,41.636439,-72.454002
06450,41.535812,-72.775686
06451,41.541906,-72.823409
06455,41.514163,-72.717844
06456,41.516690,-72.553751
06457,41.548611,-72.656784
06460,41.214266,-73.050812
06461,41.239863,-73.075393
06467,41.567845,-72.899757
06468,41.339236,-73.222828
06469,41.510944,-72.443166
06470,41.395083,-73.317663
06471,41.332106,-72.780996
06472,41.382766,-72.775194
06473,41.381459,-72.856369
06475,41.299897,-72.382734
06477,41.284951,-73.024637
06478,41.444001,-73.147999
06479,41.574770,-72.911900
06480,41.598834,-72.589071
06481,41.536736,-72.697937
06482,41.408136,-73.242485
06483,41.385122,-73.083525
06484,41.304515,-73.139041
06488,41.475980,-73.229692
06489,41.614169,-72.869926
06492,41.458657,-72.804516
06498,41.303695,-72.478017
06510,41.306517,-72.926008
06511,41.317030,-72.927316
06512,41.278274,-72.875249
06513,41.316688,-72.870791
06514,41.376089,-72.943351
06515,41.328039,-72.970840
06516,41.272573,-72.964967
06517,41.349440,-72.907149
06518,41.430832,-72.912021
06519,41.293934,-72.932028
06524,41.422964,-72.994187
06525,41.363538,-73.003892
06604,41.182920,-73.208027
06605,41.161599,-73.217622
06606,41.212110,-73.206673
06607,41.170744,-73.168038
06608,41.186475,-73.181251
06610,41.209283,-73.164603
06611,41.267861,-73.213691
06612,41.264945,-73.300479
06614,41.232466,-73.129873
06615,41.171614,-73.132160
06702,41.556461,-73.045886
06704,41.588692,-73.035390
06705,41.547103,-72.992727
06706,41.532212,-73.025096
06708,41.550872,-73.068653
06710,41.569145,-73.045817
06712,41.499247,-72.975634
06716,41.595705,-72.969384
06750,41.723731,-73.268144
06751,41.635759,-73.211422
06752,41.520294,-73.361093
06754,41.775423,-73.362996
06755,41.650558,-73.479353
06756,41.849537,-73.234002
06757,41.743606,-73.459799
06758,41.673737,-73.245753
06759,41.753640,-73.212028
06762,41.530545,-73.121576
06763,41.694323,-73.209998
06770,41.488428,-73.053383
06776,41.601320,-73.422832
06777,41.691307,-73.334403
06778,41.713490,-73.111909
06779,41.596057,-73.081442
06782,41.651536,-73.042744
06783,41.555501,-73.296015
06784,41.576035,-73.491717
06785,41.695048,-73.464788
06786,41.672734,-73.018048
06787,41.671080,-73.085047
06790,41.834052,-73.131413
06791,41.761345,-73.060443
06793,41.633712,-73.288916
06794,41.649454,-73.323557
06795,41.623892,-73.126195
06796,41.866034,-73.342084
06798,41.561632,-73.206096
06801,41.369778,-73.389503
06804,41.469885,-73.393667
06807,41.056732,-73.592029
06810,41.374284,-73.457611
06811,41.422586,-73.478364
06812,41.480318,-73.486863
06820,41.076202,-73.480080
06824,41.173039,-73.280818
06825,41.196583,-73.243254
06830,41.037605,-73.624339
06831,41.088724,-73.658838
06840,41.160393,-73.500124
06850,41.126683,-73.447459
06851,41.138233,-73.401526
06853,41.066109,-73.437996
06854,41.083910,-73.426615
06855,41.084240,-73.394991
06856,41.111223,-73.420860
06870,41.024446,-73.571150
06877,41.310803,-73.499837
06878,41.030093,-73.583719
06880,41.133275,-73.348699
06883,41.227420,-73.366988
06890,41.148535,-73.287843
06896,41.305415,-73.392584
06897,41.211277,-73.440974
06901,41.053592,-73.538169
06902,41.059347,-73.544384
06903,41.136018,-73.571142
06905,41.088293,-73.542669
06906,41.071023,-73.522621
06907,41.100918,-73.520517
07001,40.582316,-74.271506
07002,40.662338,-74.110275
07003,40.809128,-74.187155
07004,40.882508,-74.304593
07005,40.932771,-74.417304
07006,40.851187,-74.282865
07008,40.583790,-74.227457
07009,40.858017,-74.229784
07010,40.822081,-73.987834
07011,40.878256,-74.144073
07012,40.848398,-74.160266
07013,40.869405,-74.173062
07014,40.831339,-74.135419
07016,40.656391,-74.304830
07017,40.772072,-74.207103
07018,40.755897,-74.217961
07020,40.823877,-73.974152
07021,40.828127,-74.276197
07022,40.821054,-74.003061
07023,40.641700,-74.385676
07024,40.850640,-73.971007
07026,40.879797,-74.108250
07027,40.651249,-74.323137
07028,40.804798,-74.204569
07029,40.743595,-74.154913
07030,40.745268,-74.032021
07031,40.786256,-74.126220
07032,40.752323,-74.123090
07033,40.677420,-74.289341
07034,40.879480,-74.380104
07035,40.927501,-74.308334
07036,40.625230,-74.237823
07039,40.785828,-74.329100
07040,40.730785,-74.268919
07041,40.722448,-74.301546
07042,40.813487,-74.219011
07043,40.844837,-74.200502
07044,40.834007,-74.242877
07045,40.909405,-74.363571
07046,40.889726,-74.440329
07047,40.794175,-74.024960
07050,40.768040,-74.235692
07052,40.785753,-74.265059
07054,40.853739,-74.401636
07055,40.856413,-74.126940
07057,40.853084,-74.106323
07058,40.872514,-74.341776
07059,40.634588,-74.519044
07060,40.616667,-74.422042
07062,40.632358,-74.401184
07063,40.605118,-74.444522
07064,40.573310,-74.245640
07065,40.607152,-74.280531
07066,40.620620,-74.315442
07067,40.589252,-74.311310
07068,40.821737,-74.310147
07069,40.642845,-74.436233
07070,40.820314,-74.106041
07071,40.798004,-74.113250
07072,40.826424,-74.062338
07073,40.817097,-74.085024
07074,40.838127,-74.055268
07075,40.850183,-74.087068
07076,40.633026,-74.372905
07077,40.554147,-74.253060
07078,40.742346,-74.334237
07079,40.748811,-74.261512
07080,40.574413,-74.414800
07081,40.697892,-74.334537
07082,40.926913,-74.342511
07083,40.695266,-74.269078
07086,40.767855,-74.020637
07087,40.767383,-74.032328
07088,40.717934,-74.286158
07090,40.651644,-74.343447
07092,40.680722,-74.360292
07093,40.788079,-74.011357
07094,40.781958,-74.067649
07095,40.552844,-74.286949
07102,40.735659,-74.173605
07103,40.738725,-74.195568
07104,40.767910,-74.168380
07105,40.723066,-74.138636
07106,40.741817,-74.230334
07107,40.762918,-74.186559
07108,40.723110,-74.200204
07109,40.794927,-74.162353
07110,40.820616,-74.156250
07111,40.723860,-74.232517
07112,40.709361,-74.209662
07114,40.697483,-74.169902
07201,40.688972,-74.165414
07202,40.652415,-74.216848
07203,40.652211,-74.260158
07204,40.665266,-74.266708
07205,40.695889,-74.228800
07206,40.651654,-74.183811
07208,40.673830,-74.226408
07302,40.719389,-74.046469
07304,40.716495,-74.072593
07305,40.697302,-74.082273
07306,40.734924,-74.071875
07307,40.750877,-74.056865
07310,40.730133,-74.036816
07311,40.720216,-74.032724
07401,41.032669,-74.133826
07403,41.020920,-74.332852
07405,40.987841,-74.378188
07407,40.904526,-74.119514
07410,40.935833,-74.117504
07416,41.112558,-74.599735
07417,41.007529,-74.205652
07418,41.242209,-74.486100
07419,41.152758,-74.572348
07420,41.032270,-74.303164
07421,41.174004,-74.352494
07422,41.182049,-74.444452
07423,40.999485,-74.096574
07424,40.882802,-74.205713
07430,41.083159,-74.185895
07432,40.995809,-74.141262
07435,41.035529,-74.449126
07436,41.029405,-74.243145
07438,41.028134,-74.518867
07439,41.075676,-74.602012
07440,40.946468,-74.293040
07442,41.003095,-74.285455
07444,40.967407,-74.306967
07446,41.059136,-74.145931
07450,40.981591,-74.113506
07452,40.959471,-74.125202
07456,41.102332,-74.273170
07457,40.995995,-74.315124
07458,41.046652,-74.096511
07460,41.111812,-74.495093
07461,41.247022,-74.610522
07462,41.198457,-74.495576
07463,41.013615,-74.125919
07465,41.054855,-74.332764
07470,40.945855,-74.245077
07480,41.088259,-74.376390
07481,40.999093,-74.168849
07495,41.104464,-74.163337
07501,40.911998,-74.170965
07502,40.918573,-74.194089
07503,40.897548,-74.154121
07504,40.912548,-74.141615
07505,40.916327,-74.171643
07506,40.956957,-74.158561
07508,40.955074,-74.183638
07512,40.903415,-74.219779
07513,40.906182,-74.148686
07514,40.926992,-74.143838
07522,40.924959,-74.179096
07524,40.931711,-74.156870
07601,40.889398,-74.045698
07603,40.874287,-74.029735
07604,40.862751,-74.075182
07605,40.863391,-73.988471
07606,40.858477,-74.048473
07607,40.902885,-74.063457
07608,40.852997,-74.060355
07620,40.968725,-73.916999
07621,40.922334,-73.998001
07624,40.972890,-73.960315
07626,40.939786,-73.958581
07627,40.954576,-73.956563
07628,40.945239,-73.992428
07630,40.974990,-74.023248
07631,40.891197,-73.972515
07632,40.889743,-73.942029
07640,40.991681,-73.980202
07641,40.961713,-73.997437
07642,41.007127,-74.045119
07643,40.844332,-74.036164
07644,40.877915,-74.082500
07645,41.054594,-74.047298
07646,40.934161,-74.019453
07647,41.006364,-73.942772
07648,40.992252,-73.950917
07649,40.956651,-74.032858
07650,40.847017,-73.997061
07652,40.947312,-74.070219
07656,41.036183,-74.044293
07657,40.829316,-74.017360
07660,40.854705,-74.019926
07661,40.927354,-74.039611
07662,40.910694,-74.082895
07663,40.902926,-74.094669
07666,40.890317,-74.011478
07670,40.918309,-73.950523
07675,41.003506,-74.001778
07676,40.988306,-74.064693
07677,41.025977,-74.061061
07701,40.361667,-74.078076
07702,40.326450,-74.057373
07703,40.315784,-74.039773
07704,40.361940,-74.038775
07711,40.238531,-74.008008
07712,40.249708,-74.053712
07716,40.401088,-74.032978
07717,40.191418,-74.015105
07718,40.419871,-74.085174
07719,40.168908,-74.073226
07720,40.201604,-74.012056
07721,40.438095,-74.231391
07722,40.280968,-74.168903
07723,40.249701,-73.997458
07724,40.298625,-74.074178
07726,40.282353,-74.346564
07727,40.204403,-74.149231
07728,40.225793,-74.285785
07730,40.425495,-74.176063
07731,40.149537,-74.203987
07732,40.430468,-73.990424
07733,40.374964,-74.173849
07734,40.444151,-74.136810
07735,40.450109,-74.172274
07737,40.412472,-74.065304
07738,40.337907,-74.127066
07739,40.336952,-74.034535
07740,40.295372,-73.989899
07746,40.323490,-74.254572
07747,40.415326,-74.253906
07748,40.396300,-74.115274
07750,40.335895,-73.985608
07751,40.359650,-74.261462
07753,40.214893,-74.078907
07755,40.263635,-74.022877
07756,40.211820,-74.006944
07757,40.316313,-74.015897
07758,40.434236,-74.100665
07760,40.369551,-74.002368
07762,40.153409,-74.033732
07764,40.287904,-74.020019
07801,40.917192,-74.554744
07803,40.878088,-74.601176
07820,40.931361,-74.811743
07821,40.965937,-74.754393
07822,41.138775,-74.708337
07823,40.829451,-75.039497
07825,40.971247,-74.975723
07826,41.193195,-74.778167
07827,41.280922,-74.730494
07828,40.883935,-74.750312
07830,40.719283,-74.794021
07832,40.962126,-75.053728
07833,40.892784,-75.069413
07834,40.887246,-74.490462
07836,40.843103,-74.710722
07838,40.887950,-74.911692
07840,40.854177,-74.835349
07842,40.942135,-74.512095
07843,40.939241,-74.659474
07846,40.965940,-74.877068
07847,40.889346,-74.623879
07848,41.103892,-74.687004
07849,40.970323,-74.607244
07850,40.906858,-74.662035
07851,41.231436,-74.846827
07852,40.883268,-74.668029
07853,40.780755,-74.789238
07856,40.916080,-74.626689
07857,40.896755,-74.700322
07860,41.056547,-74.819113
07863,40.807625,-74.957600
07865,40.793806,-74.898347
07866,40.954863,-74.489076
07869,40.841691,-74.578330
07870,40.803980,-74.819651
07871,41.052283,-74.627906
07874,40.923063,-74.735790
07876,40.854470,-74.657357
07878,40.872446,-74.473754
07880,40.871452,-74.888891
07881,41.120656,-74.890403
07882,40.752640,-75.013787
07885,40.910506,-74.599911
07901,40.714923,-74.366372
07920,40.678994,-74.564115
07921,40.656019,-74.678657
07922,40.676393,-74.425027
07924,40.730394,-74.592580
07926,40.801262,-74.570122
07927,40.821862,-74.454290
07928,40.725986,-74.412612
07930,40.781196,-74.683945
07931,40.681427,-74.616525
07932,40.777242,-74.392943
07933,40.704225,-74.459488
07934,40.722624,-74.675589
07935,40.736004,-74.445887
07936,40.818553,-74.363742
07939,40.667382,-74.553908
07940,40.760175,-74.419181
07945,40.781948,-74.599501
07946,40.677709,-74.508538
07950,40.846026,-74.482314
07960,40.784201,-74.500025
07961,40.780620,-74.432741
07970,40.808084,-74.572929
07974,40.696919,-74.403853
07976,40.728060,-74.479344
07977,40.705188,-74.670075
07979,40.700638,-74.730119
07980,40.680423,-74.488915
07981,40.820383,-74.422418
08001,39.547880,-75.346384
08002,39.931978,-75.027557
08003,39.882703,-74.972036
08004,39.764747,-74.870626
08005,39.767727,-74.312588
08006,39.752760,-74.106156
08007,39.865825,-75.053823
08008,39.542599,-74.298174
08009,39.760656,-74.932860
08010,40.055173,-74.916925
08011,39.972764,-74.713117
08012,39.783815,-75.056068
08014,39.815906,-75.348335
08015,39.931531,-74.543763
08016,40.069522,-74.824196
08019,39.777292,-74.534219
08020,39.791562,-75.224140
08021,39.806194,-75.000151
08022,40.067590,-74.705741
08023,39.686699,-75.496274
08026,39.832872,-74.967175
08027,39.834582,-75.288914
08028,39.695863,-75.121415
08029,39.840937,-75.067211
08030,39.888896,-75.118078
08031,39.866356,-75.094670
08033,39.892421,-75.036651
08034,39.906100,-75.000375
08035,39.879127,-75.065918
08036,39.970569,-74.832209
08037,39.639959,-74.759320
08038,39.470004,-75.490291
08039,39.685628,-75.277370
08041,40.039074,-74.678698
08042,40.015389,-74.662287
08043,39.848539,-74.953498
08045,39.867114,-75.029746
08046,40.027950,-74.886984
08048,39.958855,-74.802478
08049,39.854390,-75.038544
08050,39.712750,-74.231000
08051,39.783875,-75.175825
08052,39.952381,-74.994896
08053,39.856677,-74.900810
08054,39.948992,-74.900247
08055,39.862695,-74.822311
08056,39.783669,-75.255275
08057,39.979658,-74.941308
08059,39.884825,-75.092667
08060,40.007737,-74.790088
08061,39.798865,-75.205359
08062,39.716067,-75.219239
08063,39.867297,-75.185621
08064,39.962782,-74.640754
08065,40.002615,-75.035273
08066,39.834292,-75.228355
08067,39.739194,-75.411406
08068,39.961401,-74.665919
08069,39.699258,-75.445180
08070,39.619131,-75.516096
08071,39.731894,-75.133534
08072,39.544308,-75.418704
08073,40.009542,-74.866779
08074,39.716166,-75.163440
08075,40.029586,-74.948936
08077,40.000162,-74.991632
08078,39.853411,-75.075502
08079,39.542408,-75.431684
08080,39.757432,-75.121872
08081,39.732942,-74.976657
08083,39.841266,-75.028593
08084,39.828957,-75.015458
08085,39.761129,-75.324060
08086,39.854719,-75.198716
08087,39.596035,-74.380612
08088,39.851467,-74.693412
08089,39.717800,-74.826622
08090,39.799077,-75.150692
08091,39.807116,-74.924178
08092,39.647146,-74.284622
08093,39.864643,-75.137452
08094,39.650587,-74.959292
08095,39.649298,-74.858006
08096,39.826854,-75.126663
08097,39.813376,-75.150617
08098,39.639535,-75.329849
08102,39.952558,-75.120999
08103,39.935834,-75.113921
08104,39.916435,-75.113179
08105,39.950340,-75.096278
08106,39.890992,-75.073329
08107,39.907845,-75.083563
08108,39.914668,-75.060862
08109,39.951291,-75.050129
08110,39.971893,-75.057876
08201,39.423563,-74.493025
08202,39.095265,-74.731415
08203,39.425627,-74.392933
08204,38.971087,-74.920979
08205,39.482000,-74.452637
08210,39.121750,-74.834430
08212,38.933446,-74.953895
08215,39.586506,-74.563656
08217,39.574192,-74.719915
08221,39.343718,-74.571049
08223,39.278750,-74.655703
08224,39.606361,-74.466715
08225,39.362651,-74.530947
08226,39.263668,-74.607856
08230,39.207372,-74.720215
08232,39.387525,-74.515196
08234,39.388393,-74.620728
08240,39.488059,-74.533973
08241,39.534798,-74.476099
08242,39.018576,-74.888905
08243,39.151013,-74.696319
08244,39.318968,-74.588458
08246,39.180965,-74.765806
08247,39.052267,-74.783628
08248,39.195657,-74.657187
08251,39.027715,-74.929514
08260,38.998468,-74.843447
08270,39.271779,-74.785972
08302,39.438613,-75.260646
08310,39.531435,-74.896805
08311,39.327866,-75.204035
08312,39.663756,-75.077505
08314,39.221854,-74.940368
08316,39.269532,-74.949689
08317,39.400688,-74.829634
08318,39.557728,-75.177717
08319,39.370409,-74.810816
08320,39.385080,-75.160600
08321,39.223596,-75.143169
08322,39.611102,-75.048771
08323,39.396273,-75.367551
08324,39.214626,-74.996612
08326,39.537672,-74.928273
08327,39.251531,-74.962812
08328,39.578361,-75.058737
08329,39.275992,-75.007675
08330,39.481603,-74.737407
08332,39.377041,-75.023374
08340,39.437245,-74.876499
08341,39.525424,-74.953020
08343,39.636316,-75.167607
08344,39.561745,-74.986037
08345,39.282427,-75.160409
08346,39.566059,-74.846330
08348,39.309933,-74.971365
08349,39.273865,-75.071307
08350,39.488101,-74.882020
08352,39.475732,-75.127980
08353,39.462303,-75.292408
08360,39.495524,-75.008665
08361,39.449369,-74.958827
08401,39.377297,-74.451082
08402,39.326385,-74.504473
08403,39.318497,-74.542405
08406,39.341560,-74.480862
08501,40.163841,-74.566056
08502,40.448217,-74.653244
08505,40.103026,-74.733455
08510,40.191477,-74.416813
08511,40.042379,-74.557037
08512,40.324357,-74.525526
08514,40.134246,-74.491742
08515,40.119175,-74.662884
08518,40.115428,-74.802088
08520,40.255265,-74.530078
08525,40.397648,-74.779412
08527,40.108680,-74.358558
08528,40.387108,-74.618915
08530,40.370017,-74.910170
08533,40.071031,-74.500141
08534,40.329422,-74.792789
08535,40.244447,-74.431604
08536,40.332290,-74.581076
08540,40.363010,-74.655321
08542,40.352913,-74.660366
08550,40.280155,-74.614673
08551,40.447111,-74.837285
08553,40.400347,-74.638922
08554,40.117217,-74.777844
08555,40.218286,-74.470792
08558,40.413411,-74.703745
08559,40.429224,-74.979065
08560,40.315730,-74.857279
08561,40.251061,-74.580952
08562,40.061957,-74.591878
08608,40.219297,-74.767770
08609,40.225747,-74.740906
08610,40.191174,-74.716603
08611,40.183615,-74.740319
08618,40.249347,-74.789973
08619,40.242301,-74.696408
08620,40.170048,-74.651278
08628,40.264418,-74.827047
08629,40.220669,-74.731201
08638,40.254018,-74.763385
08640,40.004416,-74.591269
08641,40.020284,-74.590178
08648,40.284308,-74.717976
08690,40.224505,-74.660279
08691,40.208731,-74.592097
08701,40.077041,-74.200383
08720,40.135366,-74.098050
08721,39.901987,-74.152651
08722,39.928405,-74.202189
08723,40.038584,-74.111600
08724,40.086235,-74.110850
08730,40.105375,-74.063421
08731,39.865669,-74.258864
08732,39.941792,-74.143814
08733,40.023772,-74.320756
08734,39.862755,-74.172064
08735,39.982051,-74.070619
08736,40.120018,-74.053257
08738,40.022724,-74.059040
08740,39.927706,-74.130615
08741,39.937116,-74.166931
08742,40.080784,-74.059125
08750,40.133372,-74.041501
08751,39.951907,-74.088150
08752,39.842500,-74.093433
08753,39.979031,-74.160429
08755,40.008533,-74.221768
08757,39.942397,-74.251072
08758,39.778981,-74.238592
08759,39.975287,-74.344727
08801,40.622794,-74.886324
08802,40.671028,-75.017983
08804,40.646655,-75.095715
08805,40.573874,-74.537507
08807,40.592434,-74.618840
08808,40.732130,-75.049029
08809,40.651832,-74.934206
08810,40.368288,-74.491018
08812,40.598731,-74.478793
08816,40.429119,-74.416287
08817,40.514658,-74.393104
08820,40.576806,-74.365750
08821,40.520045,-74.685662
08822,40.525105,-74.865254
08823,40.439256,-74.570451
08824,40.422086,-74.553237
08825,40.514169,-75.027112
08826,40.716574,-74.912125
08827,40.668431,-74.968385
08828,40.378579,-74.423518
08829,40.670022,-74.890271
08830,40.569594,-74.314925
08831,40.319474,-74.428801
08832,40.517202,-74.306784
08833,40.645542,-74.816261
08835,40.541269,-74.589273
08836,40.596376,-74.557320
08837,40.513105,-74.344075
08840,40.543139,-74.358981
08844,40.497692,-74.670505
08846,40.574627,-74.498259
08848,40.594266,-75.096659
08850,40.447921,-74.439078
08852,40.388262,-74.549618
08853,40.529933,-74.742314
08854,40.545640,-74.460817
08857,40.392789,-74.330397
08858,40.682576,-74.737037
08859,40.458848,-74.302768
08861,40.520494,-74.272943
08863,40.527412,-74.315892
08865,40.708223,-75.147074
08867,40.574254,-74.966157
08869,40.571349,-74.646019
08872,40.444335,-74.356884
08873,40.496619,-74.532009
08876,40.589554,-74.685411
08879,40.466410,-74.278625
08880,40.553947,-74.527455
08882,40.445652,-74.378459
08884,40.397671,-74.389399
08886,40.687502,-75.101127
08887,40.521268,-74.794840
08889,40.609021,-74.754216
08890,40.539039,-74.575423
08901,40.483638,-74.442460
08902,40.439213,-74.484303
08904,40.500795,-74.427911
