*ZIP,LAT,LNG
10001,40.750633,-73.997177
10002,40.715775,-73.986212
10003,40.731829,-73.989181
10004,40.688630,-74.018244
10005,40.706027,-74.008835
10006,40.709614,-74.012954
10007,40.713848,-74.007755
10009,40.726399,-73.978631
10010,40.739065,-73.982255
10011,40.742039,-74.000620
10012,40.725581,-73.998078
10013,40.720103,-74.004903
10014,40.734012,-74.006746
10016,40.745224,-73.978297
10017,40.752360,-73.972493
10018,40.755319,-73.993114
10019,40.765823,-73.987169
10020,40.758236,-73.978833
10021,40.769258,-73.958751
10022,40.758628,-73.967948
10023,40.775921,-73.982607
10024,40.798452,-73.974428
10025,40.798601,-73.966622
10026,40.802381,-73.952681
10027,40.811407,-73.953060
10028,40.776441,-73.953509
10029,40.791763,-73.943970
10030,40.818267,-73.942856
10031,40.825288,-73.950045
10032,40.838815,-73.942836
10033,40.850545,-73.933983
10034,40.867076,-73.924312
10035,40.795455,-73.929655
10036,40.759260,-73.989860
10037,40.812957,-73.937376
10038,40.709278,-74.002562
10039,40.830867,-73.936218
10040,40.858305,-73.930549
10044,40.761915,-73.949962
10065,40.764612,-73.963122
10069,40.775906,-73.990358
10075,40.773361,-73.956216
10103,40.760780,-73.977670
10110,40.754499,-73.982256
10111,40.759114,-73.977596
10112,40.759167,-73.979668
10115,40.810852,-73.963744
10119,40.750310,-73.992979
10128,40.781432,-73.950013
10152,40.758404,-73.972031
10153,40.763622,-73.972439
10154,40.757779,-73.972487
10162,40.769300,-73.949915
10165,40.752131,-73.978722
10167,40.754648,-73.974771
10168,40.751448,-73.977103
10169,40.754391,-73.976098
10170,40.752625,-73.975877
10171,40.755899,-73.973858
10172,40.755273,-73.974315
10173,40.754131,-73.979364
10174,40.751441,-73.975003
10177,40.755139,-73.975934
10199,40.751393,-73.997229
10271,40.708205,-74.010504
10278,40.715182,-74.003778
10279,40.712626,-74.008669
10280,40.708538,-74.016650
10282,40.716921,-74.015066
10301,40.627456,-74.094407
10302,40.630688,-74.137776
10303,40.629885,-74.174130
10304,40.609227,-74.092575
10305,40.596691,-74.074866
10306,40.571768,-74.125950
10307,40.509183,-74.237785
10308,40.551884,-74.147646
10309,40.531346,-74.219857
10310,40.632648,-74.116148
10311,40.605241,-74.179503
10312,40.545237,-74.180443
10314,40.599263,-74.165748
10451,40.820479,-73.925084
10452,40.837393,-73.923437
10453,40.852779,-73.912332
10454,40.805489,-73.916585
10455,40.814710,-73.908593
10456,40.829881,-73.908120
10457,40.847150,-73.898680
10458,40.862543,-73.888143
10459,40.825867,-73.892942
10460,40.841758,-73.879571
10461,40.847381,-73.840584
10462,40.843280,-73.860389
10463,40.880678,-73.906540
10464,40.867787,-73.799920
10465,40.822615,-73.822239
10466,40.890964,-73.846239
10467,40.869953,-73.865746
10468,40.868093,-73.899730
10469,40.868607,-73.848133
10470,40.889530,-73.872662
10471,40.898868,-73.903328
10472,40.829556,-73.869336
10473,40.818690,-73.858474
10474,40.810549,-73.884367
10475,40.875169,-73.823817
10501,41.295608,-73.758490
10502,41.011602,-73.841433
10503,41.026556,-73.875310
10504,41.128468,-73.707521
10505,41.342090,-73.745449
10506,41.190395,-73.639144
10507,41.227896,-73.686047
10509,41.410855,-73.594340
10510,41.139472,-73.835704
10511,41.265428,-73.943192
10512,41.457619,-73.724608
10514,41.172153,-73.769196
10516,41.461974,-73.874908
10517,41.298243,-73.861993
10518,41.266143,-73.588296
10519,41.352346,-73.652662
10520,41.226478,-73.867787
10522,41.010310,-73.863746
10523,41.059341,-73.819457
10524,41.375325,-73.926217
10526,41.288102,-73.668835
10527,41.321183,-73.769878
10528,40.975049,-73.724925
10530,41.023712,-73.812810
10532,41.099278,-73.800327
10533,41.036927,-73.854864
10535,41.335169,-73.793919
10536,41.269098,-73.688694
10537,41.339740,-73.882349
10538,40.937752,-73.756473
10541,41.381113,-73.751935
10543,40.952693,-73.736040
10545,41.178591,-73.835450
10546,41.195609,-73.801126
10547,41.313334,-73.846039
10548,41.245696,-73.932977
10549,41.200584,-73.723465
10550,40.905448,-73.835253
10552,40.924460,-73.826115
10553,40.908584,-73.821652
10560,41.340527,-73.597609
10562,41.194480,-73.825254
10566,41.289483,-73.916847
10567,41.289600,-73.897001
10570,41.130067,-73.786670
10573,41.015857,-73.677404
10576,41.221577,-73.572332
10577,41.038367,-73.711114
10578,41.320276,-73.678991
10579,41.395364,-73.839053
10580,40.979049,-73.693202
10583,40.988682,-73.789204
10588,41.336623,-73.820007
10589,41.334143,-73.714634
10590,41.255269,-73.539404
10591,41.090097,-73.841014
10594,41.113425,-73.774292
10595,41.085897,-73.782645
10596,41.256258,-73.959177
10597,41.293021,-73.596568
10598,41.288223,-73.792203
10601,41.032932,-73.765071
10603,41.054400,-73.779287
10604,41.071512,-73.747093
10605,41.010525,-73.745125
10606,41.020572,-73.775846
10607,41.039089,-73.811368
10701,40.945420,-73.880471
10703,40.959829,-73.880302
10704,40.919729,-73.862651
10705,40.919705,-73.889928
10706,40.989821,-73.867552
10707,40.960533,-73.822732
10708,40.938267,-73.829922
10709,40.954635,-73.808184
10710,40.967157,-73.846339
10801,40.917570,-73.784858
10803,40.900458,-73.807138
10804,40.946841,-73.788051
10805,40.897721,-73.779258
10901,41.140772,-74.104976
10910,41.281570,-74.137958
10911,41.319158,-74.008159
10913,41.068258,-73.954975
10914,41.417717,-74.200026
10915,41.545359,-74.359321
10916,41.442343,-74.250577
10917,41.319572,-74.117639
10918,41.344192,-74.262177
10919,41.525959,-74.387618
10920,41.156495,-73.938239
10921,41.332065,-74.363422
10922,41.332760,-73.996452
10923,41.203121,-74.002263
10924,41.381005,-74.352471
10925,41.198181,-74.314759
10926,41.301846,-74.119760
10927,41.191052,-73.967562
10928,41.348970,-73.998495
10930,41.366224,-74.121236
10931,41.148792,-74.162522
10932,41.482160,-74.464285
10933,41.368021,-74.512999
10940,41.446544,-74.478741
10941,41.487318,-74.344437
10950,41.317346,-74.199881
10952,41.111118,-74.078540
10953,41.404964,-74.077432
10954,41.098819,-74.013262
10956,41.157191,-73.993416
10958,41.371913,-74.432479
10960,41.092068,-73.924648
10962,41.050066,-73.958585
10963,41.463529,-74.543423
10964,41.016204,-73.914304
10965,41.061561,-74.007832
10968,41.037017,-73.921259
10969,41.294859,-74.488006
10970,41.180177,-74.102175
10973,41.380516,-74.480462
10974,41.168058,-74.178013
10975,41.267079,-74.172263
10976,41.022960,-73.928488
10977,41.118920,-74.048158
10979,41.182830,-74.314921
10980,41.238822,-74.050163
10983,41.031088,-73.947703
10984,41.202903,-74.022265
10985,41.583519,-74.373188
10986,41.285235,-73.998710
10987,41.186927,-74.237350
10988,41.302081,-74.548556
10989,41.122955,-73.938031
10990,41.267448,-74.364011
10992,41.426089,-74.164664
10993,41.209896,-73.973842
10994,41.098072,-73.972649
10996,41.393700,-73.972175
10998,41.324076,-74.541179
11001,40.723317,-73.704949
11003,40.699176,-73.706166
11004,40.746204,-73.711478
11005,40.756596,-73.714178
11010,40.700587,-73.675018
11020,40.771442,-73.714819
11021,40.784319,-73.731488
11023,40.798909,-73.733653
11024,40.816251,-73.742872
11030,40.793409,-73.688549
11040,40.745347,-73.680292
11042,40.758534,-73.697235
11050,40.839900,-73.693124
11096,40.621346,-73.756990
11101,40.747155,-73.939750
11102,40.772884,-73.926295
11103,40.762574,-73.913447
11104,40.744634,-73.920201
11105,40.778877,-73.906769
11106,40.762211,-73.931528
11109,40.745115,-73.956928
11201,40.693682,-73.989693
11203,40.649591,-73.934371
11204,40.618779,-73.984826
11205,40.694696,-73.966286
11206,40.701954,-73.942358
11207,40.670747,-73.894209
11208,40.669769,-73.871372
11209,40.621982,-74.030324
11210,40.628147,-73.946324
11211,40.712597,-73.953098
11212,40.662936,-73.913029
11213,40.671078,-73.936336
11214,40.599148,-73.996090
11215,40.662688,-73.986740
11216,40.680768,-73.949316
11217,40.682306,-73.978099
11218,40.643468,-73.976046
11219,40.632667,-73.996669
11220,40.641221,-74.016862
11221,40.691340,-73.927879
11222,40.727790,-73.947605
11223,40.597139,-73.973428
11224,40.577372,-73.988706
11225,40.663046,-73.954219
11226,40.646448,-73.956649
11228,40.616695,-74.013047
11229,40.601293,-73.944493
11230,40.622164,-73.965105
11231,40.677916,-74.005154
11232,40.656546,-74.007355
11233,40.678308,-73.919936
11234,40.605080,-73.911721
11235,40.583949,-73.949096
11236,40.639413,-73.900664
11237,40.704160,-73.921139
11238,40.679171,-73.963804
11239,40.647735,-73.879477
11351,40.780747,-73.825301
11354,40.768208,-73.827403
11355,40.751452,-73.821031
11356,40.784850,-73.841279
11357,40.786393,-73.810864
11358,40.760471,-73.796371
11359,40.791781,-73.776875
11360,40.780379,-73.781230
11361,40.764191,-73.772775
11362,40.756574,-73.737845
11363,40.772616,-73.746526
11364,40.745289,-73.760586
11365,40.739634,-73.794490
11366,40.728152,-73.785019
11367,40.730145,-73.827030
11368,40.751718,-73.851822
11369,40.763365,-73.872374
11370,40.765393,-73.893243
11371,40.773894,-73.873475
11372,40.751690,-73.883638
11373,40.738837,-73.878535
11374,40.726418,-73.861526
11375,40.720934,-73.846151
11377,40.744819,-73.905156
11378,40.724744,-73.909639
11379,40.716748,-73.879601
11385,40.700671,-73.889433
11411,40.694021,-73.736216
11412,40.698095,-73.758986
11413,40.671659,-73.752568
11414,40.657604,-73.844804
11415,40.707917,-73.828212
11416,40.684654,-73.849548
11417,40.676446,-73.844443
11418,40.700272,-73.835971
11419,40.688673,-73.822918
11420,40.673583,-73.817730
11421,40.694062,-73.858626
11422,40.660060,-73.736012
11423,40.715606,-73.768471
11424,40.714304,-73.827263
11425,40.607754,-74.023937
11426,40.736425,-73.722376
11427,40.730904,-73.745661
11428,40.721016,-73.742245
11429,40.709766,-73.738653
11430,40.646964,-73.784813
11432,40.715359,-73.793071
11433,40.698162,-73.786893
11434,40.676808,-73.776425
11435,40.701265,-73.809605
11436,40.675807,-73.796622
11451,40.701282,-73.795972
11501,40.746286,-73.638905
11507,40.770847,-73.652260
11509,40.587963,-73.728528
11510,40.650127,-73.607709
11514,40.749892,-73.612477
11516,40.625787,-73.726685
11518,40.637472,-73.666807
11520,40.649401,-73.582951
11530,40.726854,-73.637009
11542,40.872605,-73.628622
11545,40.826321,-73.589365
11547,40.833670,-73.642687
11548,40.812868,-73.627405
11549,40.717289,-73.602775
11550,40.701475,-73.621108
11552,40.692979,-73.652416
11553,40.706430,-73.591622
11554,40.720115,-73.558861
11556,40.719678,-73.583860
11557,40.637176,-73.691976
11558,40.605357,-73.649046
11559,40.603733,-73.717352
11560,40.880757,-73.588724
11561,40.589081,-73.648178
11563,40.657253,-73.673718
11565,40.675061,-73.671667
11566,40.663194,-73.554014
11568,40.786929,-73.596490
11569,40.589785,-73.582303
11570,40.666066,-73.638409
11572,40.631772,-73.636624
11575,40.680422,-73.584877
11576,40.798032,-73.647275
11577,40.783264,-73.638877
11579,40.844016,-73.644006
11580,40.674900,-73.702154
11581,40.651028,-73.715325
11590,40.755182,-73.574338
11596,40.759667,-73.642309
11598,40.630935,-73.712339
11691,40.601278,-73.761651
11692,40.594095,-73.792896
11693,40.590692,-73.809749
11694,40.578270,-73.844762
11697,40.555688,-73.920663
11701,40.682453,-73.414381
11702,40.650697,-73.262218
11703,40.732671,-73.325010
11704,40.717504,-73.358203
11705,40.743277,-73.055841
11706,40.722537,-73.252183
11709,40.906313,-73.558244
11710,40.671972,-73.531972
11713,40.776095,-72.942821
11714,40.742563,-73.486073
11715,40.751006,-73.034877
11716,40.776692,-73.134854
11717,40.783805,-73.252263
11718,40.716435,-73.261514
11719,40.782153,-72.912104
11720,40.870331,-73.082113
11721,40.902425,-73.371427
11722,40.783050,-73.194916
11724,40.864221,-73.456381
11725,40.840492,-73.280815
11726,40.678789,-73.395729
11727,40.882060,-73.004009
11729,40.761136,-73.325260
11730,40.717436,-73.170220
11731,40.862623,-73.316937
11732,40.844738,-73.536885
11733,40.940235,-73.112780
11735,40.732747,-73.432789
11738,40.838199,-73.038213
11739,40.736135,-73.161251
11740,40.865398,-73.361296
11741,40.794895,-73.070328
11742,40.810067,-73.041404
11743,40.883411,-73.423556
11746,40.814268,-73.362276
11747,40.788403,-73.407396
11749,40.806740,-73.170903
11751,40.730486,-73.213924
11752,40.757114,-73.174012
11753,40.789713,-73.539899
11754,40.885566,-73.249901
11755,40.857817,-73.116844
11756,40.724512,-73.516326
11757,40.689010,-73.373328
11758,40.668934,-73.458448
11762,40.682744,-73.446664
11763,40.826582,-72.984050
11764,40.938993,-72.979047
11765,40.882186,-73.558941
11766,40.939219,-73.018666
11767,40.842949,-73.145216
11768,40.923631,-73.339309
11769,40.734348,-73.125025
11770,40.645842,-73.156596
11771,40.872799,-73.525020
11772,40.761780,-72.987407
11776,40.913615,-73.046398
11777,40.956068,-73.066659
11778,40.948046,-72.937093
11779,40.812958,-73.114490
11780,40.909287,-73.174729
11782,40.738088,-73.081670
11783,40.677612,-73.490014
11784,40.868923,-73.041215
11786,40.950485,-72.886658
11787,40.852924,-73.211260
11788,40.818088,-73.213209
11789,40.962028,-72.971008
11790,40.905957,-73.127374
11791,40.828288,-73.505922
11792,40.954997,-72.825588
11793,40.651288,-73.514726
11794,40.913360,-73.124883
11795,40.709005,-73.296337
11796,40.731246,-73.099419
11797,40.820208,-73.472450
11798,40.752599,-73.378743
11801,40.762304,-73.524452
11803,40.781700,-73.473035
11804,40.759010,-73.457384
11901,40.926901,-72.643499
11930,40.989988,-72.099587
11931,40.934273,-72.612403
11932,40.934313,-72.306615
11933,40.942231,-72.765594
11934,40.798359,-72.794297
11935,41.021223,-72.486958
11937,41.013013,-72.168912
11939,41.123116,-72.315350
11940,40.813171,-72.752002
11941,40.830160,-72.729761
11942,40.850303,-72.581827
11944,41.104030,-72.371541
11946,40.870270,-72.521704
11947,40.950659,-72.571053
11948,40.963640,-72.553489
11949,40.866503,-72.804643
11950,40.808032,-72.847010
11951,40.763164,-72.830344
11952,41.001648,-72.547599
11953,40.892505,-72.951172
11954,41.047565,-71.946386
11955,40.809133,-72.816101
11956,40.969049,-72.462175
11957,41.192201,-72.148968
11958,41.039067,-72.464419
11959,40.822586,-72.601345
11960,40.810615,-72.706062
11961,40.905139,-72.888349
11962,40.930895,-72.268719
11963,40.993155,-72.319664
11964,41.055827,-72.319034
11965,41.096081,-72.288400
11967,40.794778,-72.875477
11968,40.905925,-72.415662
11970,40.938952,-72.577539
11971,41.064037,-72.430926
11972,40.847825,-72.702889
11973,40.867173,-72.882123
11975,40.941107,-72.244466
11976,40.922393,-72.350704
11977,40.827467,-72.678983
11978,40.826323,-72.649008
11980,40.831296,-72.923154
12007,42.455665,-73.927143
12008,42.853488,-73.906535
12009,42.697723,-74.035350
12010,42.937632,-74.173325
12015,42.294057,-73.825116
12017,42.321110,-73.455997
12018,42.628833,-73.520771
12019,42.934351,-73.881808
12020,43.001589,-73.868123
12022,42.656951,-73.333851
12023,42.598558,-74.183022
12024,42.476788,-73.533278
12025,43.083346,-74.138092
12027,42.935415,-73.907815
12028,42.934442,-73.442269
12029,42.415950,-73.424961
12031,42.766038,-74.451615
12032,43.124008,-74.525070
12033,42.543138,-73.705499
12035,42.730427,-74.359221
12036,42.541514,-74.673053
12037,42.344725,-73.567126
12040,42.637350,-73.350721
12041,42.577943,-73.952660
12042,42.416518,-73.938206
12043,42.693970,-74.530506
12045,42.482555,-73.800532
12046,42.507517,-73.925621
12047,42.784054,-73.726219
12051,42.345522,-73.842543
12052,42.754470,-73.478427
12053,42.757544,-74.190867
12054,42.608547,-73.864416
12056,42.764785,-74.095150
12057,42.968892,-73.346287
12058,42.344420,-73.917635
12059,42.619223,-74.060881
12060,42.410631,-73.505286
12061,42.599312,-73.657175
12062,42.538976,-73.504976
12063,42.568163,-73.638051
12064,42.614166,-74.655719
12065,42.852284,-73.785597
12066,42.790105,-74.352762
12067,42.557461,-73.920294
12068,42.956069,-74.401829
12069,42.946036,-74.279938
12070,42.986058,-74.263032
12071,42.552657,-74.422661
12072,42.884893,-74.356737
12074,43.054217,-74.030006
12075,42.299922,-73.633627
12076,42.410272,-74.395734
12077,42.588163,-73.777694
12078,43.134351,-74.339632
12083,42.424859,-74.026509
12084,42.704669,-73.899364
12085,42.703313,-73.963261
12086,43.009005,-74.086332
12087,42.432250,-73.892894
12089,42.867493,-73.312753
12090,42.876802,-73.351525
12092,42.696079,-74.378715
12093,42.497791,-74.628105
12094,42.899423,-73.490058
12095,43.024817,-74.403815
12106,42.389554,-73.710951
12108,43.573248,-74.451487
12110,42.750578,-73.776118
12115,42.477301,-73.576700
12116,42.538795,-74.911164
12117,43.167143,-74.261237
12118,42.909321,-73.713085
12120,42.449724,-74.148844
12121,42.839897,-73.607392
12122,42.542020,-74.326145
12123,42.547343,-73.598306
12124,42.453111,-73.797581
12125,42.484748,-73.399844
12130,42.442223,-73.659380
12131,42.453371,-74.463913
12132,42.470521,-73.630031
12134,43.269201,-74.228185
12136,42.420119,-73.565108
12137,42.860334,-74.133072
12138,42.748836,-73.370379
12139,43.500221,-74.579544
12140,42.696684,-73.540064
12143,42.489818,-73.855238
12144,42.627836,-73.717842
12147,42.518611,-74.158840
12148,42.827793,-73.848164
12149,42.616654,-74.563446
12150,42.880523,-74.052689
12151,42.922697,-73.787225
12153,42.629923,-73.473341
12154,42.937460,-73.605775
12155,42.596357,-74.827655
12156,42.483504,-73.747254
12157,42.669798,-74.286077
12158,42.542158,-73.822091
12159,42.651428,-73.885894
12160,42.761621,-74.383152
12161,42.534769,-73.854863
12164,43.578133,-74.359045
12165,42.306136,-73.504114
12166,42.833587,-74.445509
12167,42.424942,-74.578036
12168,42.560862,-73.380714
12169,42.592887,-73.448036
12170,43.001956,-73.667271
12172,42.288764,-73.739212
12173,42.380013,-73.759660
12174,42.353449,-73.728436
12175,42.544369,-74.556220
12176,42.382017,-73.980862
12177,42.950952,-74.287260
12180,42.748588,-73.599536
12182,42.799699,-73.630864
12183,42.747870,-73.692595
12184,42.419893,-73.653359
12185,42.862521,-73.554112
12186,42.633164,-73.977188
12187,42.618840,-74.463554
12188,42.821216,-73.695525
12189,42.736341,-73.717521
12190,43.475631,-74.285410
12192,42.409035,-73.827677
12193,42.522760,-74.043268
12194,42.528462,-74.447631
12195,42.482789,-73.475088
12196,42.631786,-73.613946
12197,42.609999,-74.724749
12198,42.672768,-73.633574
12202,42.635575,-73.759658
12203,42.681048,-73.846980
12204,42.691517,-73.733750
12205,42.718785,-73.829240
12206,42.674514,-73.782733
12207,42.658398,-73.745952
12208,42.653031,-73.809978
12209,42.638686,-73.790469
12210,42.659502,-73.756237
12211,42.703095,-73.763706
12222,42.685261,-73.823230
12302,42.878182,-73.982505
12303,42.740387,-73.905398
12304,42.774690,-73.898297
12305,42.811981,-73.950252
12306,42.805429,-74.044227
12307,42.804981,-73.932822
12308,42.820980,-73.919670
12309,42.799830,-73.864972
12401,41.987541,-74.010273
12404,41.818958,-74.236082
12405,42.317909,-74.085995
12406,42.079943,-74.524093
12407,42.317638,-74.358152
12409,42.040569,-74.181139
12410,42.066096,-74.424732
12411,41.876019,-74.044802
12412,42.012732,-74.279585
12413,42.313984,-74.022160
12414,42.232019,-73.913867
12416,42.103040,-74.281552
12417,41.906422,-73.990723
12418,42.358758,-74.161680
12419,41.860252,-74.102007
12420,41.672466,-74.371559
12421,42.250044,-74.546139
12422,42.391829,-74.213288
12423,42.379218,-74.109746
12424,42.247617,-74.115847
12427,42.134238,-74.136736
12428,41.746858,-74.466143
12429,41.833329,-73.985378
12430,42.200758,-74.499160
12431,42.362023,-74.023533
12432,42.044420,-73.944531
12433,42.000641,-74.156576
12434,42.363640,-74.502385
12435,41.730800,-74.513360
12436,42.195759,-74.077821
12438,42.204899,-74.601006
12439,42.277817,-74.210390
12440,41.781151,-74.172876
12441,42.134422,-74.509215
12442,42.182411,-74.222991
12443,41.934991,-74.084925
12444,42.264233,-74.297520
12446,41.809559,-74.326443
12448,42.086646,-74.160660
12449,41.992378,-73.993774
12450,42.133247,-74.244279
12451,42.304893,-73.948176
12452,42.252385,-74.364938
12453,42.093389,-73.936281
12454,42.286970,-74.149542
12455,42.140733,-74.659478
12456,42.032705,-73.997133
12457,42.044071,-74.252501
12458,41.822918,-74.432080
12459,42.240382,-74.678893
12460,42.415615,-74.147590
12461,41.904961,-74.267998
12463,42.205517,-74.020428
12464,42.023540,-74.367292
12465,42.157153,-74.460016
12466,41.904345,-73.979025
12468,42.300462,-74.423763
12469,42.448595,-74.246097
12470,42.299624,-74.093387
12471,41.843871,-74.041344
12472,41.847090,-74.079545
12473,42.258166,-74.041007
12474,42.323807,-74.583034
12475,42.015237,-74.015432
12477,42.092591,-73.988110
12480,42.135382,-74.391275
12481,41.987348,-74.228435
12482,42.268143,-73.955446
12483,41.672377,-74.421991
12484,41.861918,-74.176528
12485,42.205023,-74.144201
12486,41.832417,-74.063984
12487,41.869399,-73.998805
12489,41.750485,-74.358293
12490,42.122854,-73.924476
12491,41.965192,-74.141459
12492,42.184926,-74.335763
12493,41.785665,-73.974132
12494,41.956598,-74.292894
12495,42.084923,-74.240680
12496,42.337294,-74.269692
12498,42.045663,-74.109618
12501,41.863095,-73.573627
12502,42.086568,-73.664724
12503,42.035959,-73.580146
12504,42.035298,-73.913144
12507,42.009241,-73.917141
12508,41.495996,-73.953632
12512,41.548499,-73.968402
12513,42.219307,-73.720481
12514,41.877409,-73.764423
12515,41.684774,-74.064840
12516,42.106275,-73.563583
12517,42.114296,-73.507454
12518,41.416157,-74.043064
12520,41.428017,-73.996195
12521,42.171335,-73.650487
12522,41.719979,-73.598384
12523,42.086870,-73.759509
12524,41.528785,-73.888317
12525,41.691564,-74.188272
12526,42.122234,-73.858769
12527,41.519428,-73.935669
12528,41.722054,-74.009482
12529,42.198626,-73.542777
12530,42.207459,-73.687752
12531,41.540556,-73.671671
12533,41.559772,-73.787099
12534,42.217345,-73.752256
12538,41.792230,-73.893767
12540,41.671202,-73.724891
12542,41.613876,-74.015014
12543,41.495520,-74.173104
12545,41.782904,-73.669402
12546,41.948000,-73.523349
12547,41.660687,-73.986567
12548,41.658064,-74.102416
12549,41.528031,-74.259365
12550,41.539574,-74.057223
12553,41.455714,-74.074901
12561,41.759307,-74.096058
12563,41.499189,-73.587226
12564,41.582614,-73.582577
12565,42.247128,-73.647638
12566,41.633519,-74.319661
12567,41.986194,-73.642216
12569,41.734556,-73.792835
12570,41.626321,-73.675662
12571,42.002775,-73.809608
12572,41.924885,-73.863664
12574,41.917688,-73.945658
12575,41.466705,-74.178871
12577,41.424040,-74.122142
12578,41.809120,-73.795854
12580,41.863651,-73.871536
12581,41.901615,-73.700592
12582,41.544301,-73.738452
12583,42.063367,-73.868652
12585,41.726404,-73.691510
12586,41.562764,-74.170102
12589,41.623791,-74.158771
12590,41.592556,-73.886853
12592,41.802075,-73.578626
12594,41.684461,-73.557676
12601,41.701921,-73.911519
12603,41.675868,-73.864484
12604,41.688259,-73.892171
12701,41.650829,-74.699907
12719,41.498250,-74.904285
12720,41.645848,-74.907849
12721,41.581723,-74.422422
12722,41.590634,-74.374304
12723,41.753100,-74.987694
12724,41.837621,-74.958711
12725,41.983183,-74.570105
12726,41.708209,-75.017203
12729,41.475792,-74.623499
12732,41.551487,-74.874606
12733,41.724769,-74.617933
12734,41.734585,-74.750460
12736,41.852843,-75.021754
12737,41.501481,-74.798632
12738,41.676246,-74.586211
12740,41.938832,-74.434026
12741,41.839141,-75.077725
12742,41.724328,-74.723518
12743,41.548548,-74.831025
12745,41.783433,-75.024648
12746,41.442335,-74.656785
12747,41.750928,-74.692894
12748,41.774642,-74.922609
12749,41.695254,-74.841166
12750,41.727825,-74.965854
12751,41.695730,-74.664485
12752,41.680039,-74.994190
12754,41.798195,-74.736889
12758,41.940283,-74.739118
12759,41.781730,-74.658853
12760,41.903930,-75.107835
12762,41.647960,-74.792011
12763,41.676348,-74.522774
12764,41.591553,-74.995556
12765,41.852341,-74.621165
12766,41.815208,-74.978854
12767,41.838093,-74.994415
12768,41.864443,-74.730022
12769,41.657942,-74.467272
12770,41.449118,-74.843117
12771,41.374380,-74.624279
12775,41.613617,-74.593360
12776,41.963341,-74.957643
12777,41.561782,-74.709708
12778,41.642678,-74.817550
12779,41.702466,-74.632195
12780,41.440142,-74.727343
12781,41.619674,-74.466383
12783,41.738633,-74.833724
12784,41.669877,-74.638240
12785,41.532391,-74.561274
12786,41.638710,-74.857609
12787,41.795394,-74.845029
12788,41.787539,-74.589314
12789,41.704524,-74.570951
12790,41.592057,-74.517419
12791,41.817275,-74.892870
12792,41.513920,-74.959820
12801,43.311160,-73.645286
12803,43.290078,-73.629363
12804,43.340954,-73.685911
12808,43.759987,-73.716438
12809,43.237078,-73.454506
12810,43.491968,-73.985941
12811,43.605457,-74.028330
12812,43.875794,-74.389767
12814,43.631894,-73.632551
12815,43.695985,-73.667881
12816,43.044236,-73.382032
12817,43.639585,-73.823628
12819,43.590870,-73.468547
12821,43.453564,-73.415995
12822,43.228585,-73.922206
12823,43.179961,-73.409117
12824,43.524756,-73.727177
12827,43.463898,-73.531366
12828,43.254993,-73.558355
12831,43.195329,-73.691811
12832,43.358467,-73.330271
12833,43.150000,-73.840896
12834,43.094307,-73.500583
12835,43.332745,-74.006336
12836,43.712353,-73.605587
12837,43.476445,-73.255601
12838,43.329063,-73.405066
12839,43.354486,-73.553953
12841,43.606007,-73.533013
12842,43.738345,-74.367058
12843,43.565104,-73.972748
12844,43.489396,-73.621194
12845,43.424048,-73.712740
12846,43.345965,-73.789720
12847,44.008384,-74.609231
12849,43.449567,-73.298320
12850,43.102616,-73.981441
12851,43.841891,-74.034467
12852,43.935800,-74.167514
12853,43.657554,-74.064187
12855,44.027010,-73.758053
12856,43.665940,-74.142961
12857,43.819563,-73.890620
12858,43.908933,-73.675780
12859,43.171875,-73.920872
12860,43.755794,-73.842385
12861,43.746887,-73.417527
12862,43.685405,-73.910321
12863,43.060363,-73.931906
12864,43.727365,-74.305388
12865,43.214159,-73.347451
12866,43.073715,-73.740236
12870,43.830056,-73.761222
12871,43.088569,-73.612965
12872,43.874656,-73.734418
12873,43.117451,-73.311646
12874,43.690561,-73.549743
12878,43.415025,-74.027450
12883,43.836596,-73.552843
12884,43.088396,-73.591291
12885,43.523052,-73.806561
12886,43.683437,-73.939175
12887,43.536760,-73.365798
12901,44.704190,-73.471392
12903,44.680303,-73.445883
12910,44.845249,-73.619461
12911,44.521440,-73.460805
12912,44.480941,-73.772482
12913,44.430097,-74.002212
12914,44.927419,-74.602942
12916,44.834052,-74.515665
12917,44.927638,-74.178910
12918,44.700736,-73.676657
12919,44.964539,-73.447083
12920,44.882767,-74.066008
12921,44.888628,-73.441064
12922,44.286614,-74.702114
12923,44.960319,-73.939419
12924,44.480467,-73.581081
12926,44.950821,-74.329000
12927,44.207250,-74.809746
12928,43.963837,-73.583248
12929,44.720027,-73.719234
12930,44.720458,-74.543229
12932,44.214405,-73.608948
12933,44.890994,-73.845341
12934,44.875376,-73.873665
12935,44.844657,-73.796933
12936,44.285062,-73.401450
12937,44.960847,-74.478455
12939,44.432944,-74.160829
12941,44.347329,-73.702866
12942,44.232492,-73.826827
12943,44.122772,-73.883500
12944,44.433105,-73.533248
12945,44.309091,-74.240440
12946,44.206554,-74.046061
12950,44.318369,-73.581246
12952,44.708320,-73.905660
12953,44.745352,-74.260037
12955,44.806650,-73.970421
12956,44.097612,-73.481333
12957,44.848324,-74.574605
12958,44.960295,-73.571184
12959,44.952351,-73.719912
12960,44.015756,-73.572348
12961,44.057111,-73.549539
12962,44.701391,-73.605439
12964,44.125919,-73.626721
12965,44.703456,-74.685289
12966,44.798893,-74.418686
12967,44.774921,-74.657566
12969,44.710897,-74.098150
12970,44.478136,-74.307514
12972,44.554081,-73.569296
12973,44.287677,-74.594706
12974,44.060141,-73.464831
12975,44.529091,-73.430536
12976,44.503733,-74.230251
12977,44.277015,-74.072971
12978,44.616360,-73.808710
12979,44.991657,-73.373374
12980,44.563851,-74.524079
12981,44.627099,-73.845851
12983,44.307529,-74.147022
12985,44.560709,-73.738967
12986,44.226011,-74.480931
12987,44.320841,-73.753460
12989,44.520103,-74.069774
12992,44.817751,-73.516729
12993,44.211345,-73.476221
12996,44.355266,-73.448055
12997,44.372798,-73.892043
12998,44.077800,-73.576545
13020,42.816424,-76.074504
13021,42.922279,-76.558539
13024,42.934596,-76.574232
13026,42.744043,-76.652266
13027,43.166437,-76.364345
13028,43.305216,-75.945294
13029,43.225942,-76.151343
13030,43.152233,-75.962695
13031,43.045015,-76.309541
13032,43.081617,-75.766018
13033,43.188494,-76.562626
13034,42.956780,-76.707909
13035,42.940849,-75.830103
13036,43.309256,-76.166775
13037,43.067797,-75.854933
13039,43.172142,-76.056249
13040,42.559649,-75.930761
13041,43.192089,-76.192302
13042,43.260450,-75.852580
13044,43.291249,-75.996241
13045,42.573849,-76.202145
13051,42.876725,-75.908639
13052,42.712310,-75.865194
13053,42.479575,-76.267918
13054,43.169352,-75.666823
13057,43.101955,-76.037919
13060,43.022862,-76.411872
13061,42.871851,-75.762082
13062,42.484095,-76.384376
13063,42.847849,-75.977961
13064,43.328996,-76.711915
13066,43.032475,-76.000667
13068,42.492431,-76.359199
13069,43.329276,-76.380655
13071,42.675114,-76.542579
13072,42.762210,-75.763989
13073,42.583670,-76.387923
13074,43.310917,-76.549843
13076,43.353715,-76.149309
13077,42.727973,-76.211042
13078,42.958399,-76.061101
13080,43.093210,-76.485258
13081,42.673617,-76.627152
13082,43.102730,-75.959888
13083,43.645775,-75.981680
13084,42.880541,-76.124474
13087,42.708597,-76.154050
13088,43.112421,-76.189457
13090,43.153084,-76.212402
13092,42.654563,-76.419295
13101,42.589192,-76.056073
13102,42.550304,-76.292002
13103,43.325760,-76.109544
13104,42.963030,-75.948439
13108,42.964845,-76.331113
13110,42.895398,-76.280364
13111,43.258488,-76.614264
13112,43.106266,-76.417239
13113,43.162650,-76.538623
13114,43.465706,-76.244786
13115,43.398646,-76.478779
13116,43.074797,-76.007947
13117,43.009299,-76.707508
13118,42.755585,-76.387278
13120,42.933187,-76.175145
13122,42.837754,-75.861520
13123,43.233564,-75.769068
13124,42.661074,-75.823604
13126,43.438798,-76.457454
13131,43.423243,-76.091802
13132,43.271918,-76.251052
13134,42.967368,-75.684678
13135,43.253687,-76.314375
13136,42.614098,-75.844788
13138,42.899087,-76.014634
13140,43.060381,-76.650274
13141,42.752495,-76.185697
13142,43.554899,-76.137872
13143,43.235788,-76.714793
13144,43.568747,-75.977023
13145,43.646742,-76.116311
13146,43.085645,-76.750191
13147,42.775406,-76.569608
13148,42.913372,-76.785260
13152,42.890839,-76.372620
13153,42.996557,-76.453627
13155,42.674546,-75.776726
13156,43.325990,-76.661306
13157,43.206652,-75.721431
13158,42.696935,-75.951068
13159,42.802964,-76.111618
13160,42.827598,-76.648904
13162,43.185045,-75.714741
13163,43.080092,-75.710999
13164,43.096891,-76.312578
13165,42.916639,-76.883297
13166,43.078935,-76.565379
13167,43.326421,-76.060260
13202,43.043782,-76.150638
13203,43.061111,-76.134924
13204,43.050817,-76.177473
13205,43.005276,-76.142030
13206,43.073465,-76.105806
13207,43.012813,-76.163317
13208,43.078768,-76.145230
13209,43.068502,-76.224251
13210,43.031057,-76.127249
13211,43.103572,-76.119484
13212,43.129697,-76.130154
13214,43.038709,-76.075591
13215,42.980793,-76.223386
13219,43.041266,-76.224195
13224,43.037162,-76.102900
13290,43.069136,-76.173017
13301,43.416050,-75.218175
13302,43.498115,-75.965068
13303,43.367414,-75.468212
13304,43.243880,-75.160287
13305,43.892289,-75.421171
13308,43.251266,-75.657668
13309,43.452005,-75.355443
13310,42.889620,-75.571545
13312,43.691839,-75.204374
13313,42.880221,-75.272902
13314,42.816533,-75.319104
13315,42.744144,-75.143611
13316,43.418917,-75.739740
13317,42.854101,-74.590839
13318,42.921536,-75.260063
13319,43.026436,-75.266925
13320,42.777805,-74.740798
13321,43.087796,-75.370637
13322,42.954345,-75.201657
13323,43.039981,-75.379353
13324,43.320641,-74.961602
13325,43.576282,-75.527857
13326,42.722511,-74.895371
13327,43.972929,-75.262309
13328,42.985096,-75.429027
13329,43.107462,-74.708431
13331,43.866299,-74.880901
13332,42.764159,-75.581736
13333,42.836995,-74.818644
13334,42.827039,-75.656427
13335,42.702260,-75.248224
13337,42.757804,-74.999545
13338,43.528032,-74.987121
13339,42.936895,-74.658658
13340,43.061642,-75.128570
13341,43.036086,-75.396891
13342,42.654143,-75.195234
13343,43.751239,-75.311500
13345,43.687108,-75.321254
13346,42.818442,-75.544331
13348,42.709982,-75.066926
13350,43.061009,-75.000439
13352,43.313337,-75.116208
13353,43.447279,-74.694629
13354,43.265093,-75.268497
13355,42.809841,-75.430434
13357,42.971061,-75.081209
13360,43.721790,-74.714836
13361,42.904352,-74.867560
13362,42.982178,-75.522003
13363,43.324528,-75.513109
13364,42.804977,-75.261071
13365,43.125689,-74.853291
13367,43.757731,-75.532709
13368,43.638483,-75.286787
13402,42.892429,-75.500629
13403,43.164533,-75.267645
13404,43.736385,-75.471758
13406,43.134514,-74.924889
13407,42.968801,-74.950576
13408,42.922949,-75.676749
13409,42.976475,-75.595112
13410,42.931043,-74.612591
13411,42.633789,-75.306457
13413,43.060413,-75.279398
13415,42.596494,-75.198473
13416,43.187371,-74.970659
13417,43.100974,-75.293788
13418,42.845704,-75.380460
13420,43.717768,-74.984147
13421,43.061915,-75.660092
13424,43.152367,-75.365215
13425,42.964793,-75.487060
13428,42.915086,-74.546249
13431,43.209082,-75.073328
13433,43.594911,-75.248869
13435,43.304981,-75.150772
13436,43.811023,-74.666226
13437,43.580307,-75.803859
13438,43.354138,-75.159613
13439,42.857316,-74.995275
13440,43.215771,-75.461779
13441,43.226377,-75.408248
13450,42.701927,-74.810297
13452,43.043056,-74.630470
13454,43.219834,-74.757687
13456,43.000029,-75.255495
13459,42.775008,-74.588678
13460,42.687707,-75.442290
13461,43.070467,-75.599126
13464,42.687973,-75.615788
13468,42.848030,-74.851887
13469,43.214828,-75.302367
13470,43.209569,-74.609995
13471,43.357597,-75.577397
13472,43.697411,-75.067862
13473,43.646449,-75.443434
13475,42.893741,-74.830529
13476,43.087503,-75.509514
13477,43.032894,-75.512948
13478,43.144012,-75.581897
13480,42.917854,-75.363169
13483,43.397335,-75.826061
13484,42.866325,-75.659190
13485,42.787528,-75.315224
13486,43.345147,-75.344599
13488,42.688638,-74.750589
13489,43.460774,-75.552463
13490,43.110080,-75.426511
13491,42.864135,-75.168133
13492,43.114604,-75.337680
13493,43.432843,-75.897509
13494,43.532529,-75.141288
13495,43.110890,-75.277497
13501,43.081283,-75.225833
13502,43.141264,-75.154707
13601,43.968892,-75.906501
13602,44.065388,-75.784305
13603,44.035974,-75.793813
13605,43.807410,-76.050358
13606,43.872576,-76.014735
13607,44.298548,-75.936006
13608,44.260940,-75.613698
13612,43.985237,-75.769370
13613,44.870613,-74.750443
13614,44.530889,-75.691170
13615,44.047775,-75.984057
13616,44.030078,-75.857573
13617,44.580531,-75.142767
13618,44.114766,-76.290981
13619,43.978952,-75.600977
13620,43.908782,-75.448325
13621,44.834246,-75.080093
13622,44.100667,-76.106996
13623,44.449786,-75.752462
13624,44.209480,-76.093055
13625,44.538101,-74.928377
13626,43.830086,-75.734774
13628,44.030542,-75.682394
13630,44.498619,-75.311532
13633,44.497430,-75.455993
13634,44.011290,-76.073698
13635,44.286952,-75.281419
13636,43.743443,-76.116550
13637,44.106202,-75.818322
13638,44.019072,-75.741692
13639,44.263676,-75.150529
13640,44.303561,-76.028103
13641,44.273801,-76.003351
13642,44.335388,-75.455879
13643,44.031812,-75.717094
13646,44.446082,-75.674198
13647,44.605875,-74.980580
13648,44.150217,-75.318000
13650,43.811310,-76.216097
13651,43.866158,-76.176966
13652,44.432661,-75.186773
13654,44.577138,-75.436852
13655,44.981859,-74.650150
13656,44.192383,-75.955933
13658,44.747782,-75.271203
13659,43.738005,-75.863380
13660,44.773868,-75.160958
13661,43.709620,-76.098396
13662,44.932334,-74.883932
13664,44.584013,-75.645460
13665,44.048460,-75.434366
13666,44.218485,-74.926076
13667,44.837267,-74.960097
13668,44.754820,-74.986306
13669,44.672777,-75.482342
13670,44.167379,-75.116735
13672,44.470543,-74.660706
13673,44.164347,-75.718028
13674,43.738561,-76.048180
13675,44.281718,-75.846286
13676,44.654960,-74.926222
13677,44.512429,-75.179673
13678,44.813766,-74.992918
13679,44.319891,-75.770605
13680,44.595988,-75.323398
13681,44.428054,-75.373151
13682,43.843312,-75.901905
13684,44.356596,-75.013141
13685,43.925469,-76.085527
13687,44.439018,-74.838177
13690,44.097456,-75.007653
13691,44.231562,-75.770537
13692,44.288793,-76.026292
13693,43.985747,-76.246105
13694,44.868927,-75.134242
13695,44.102929,-74.922258
13696,44.694741,-74.888048
13697,44.754714,-74.810347
13730,42.223737,-75.532187
13731,42.129650,-74.787822
13732,42.049447,-76.167535
13733,42.301697,-75.478883
13734,42.069955,-76.409653
13736,42.324084,-76.202038
13739,42.349124,-74.789149
13740,42.273812,-74.756997
13743,42.211894,-76.338222
13744,42.243494,-75.907999
13746,42.268926,-75.884667
13748,42.042579,-75.822521
13750,42.471013,-74.857905
13751,42.454448,-74.901809
13752,42.190557,-74.897015
13753,42.306960,-74.926915
13754,42.088461,-75.447935
13755,42.055241,-74.966920
13756,42.004099,-75.100670
13757,42.410607,-74.891229
13760,42.133332,-76.084622
13774,41.960129,-75.149396
13775,42.327909,-75.134022
13776,42.470423,-75.331951
13777,42.258166,-75.989587
13778,42.359214,-75.759499
13780,42.422485,-75.476583
13782,42.169629,-74.991301
13783,41.993662,-75.266006
13784,42.426878,-76.221343
13786,42.440980,-74.693941
13787,42.212627,-75.671949
13788,42.339013,-74.666282
13790,42.165361,-76.001942
13794,42.393238,-76.013720
13795,42.056638,-75.778938
13796,42.557188,-75.132130
13797,42.333665,-76.040401
13801,42.505085,-75.776970
13802,42.242134,-76.041266
13803,42.456883,-76.067124
13804,42.225702,-75.384220
13806,42.379101,-74.957234
13807,42.607470,-74.988238
13808,42.525233,-75.262200
13809,42.403814,-75.395541
13810,42.606817,-75.108363
13811,42.234926,-76.164054
13812,42.030060,-76.354752
13813,42.163707,-75.551328
13815,42.547866,-75.530855
13820,42.483456,-75.036874
13825,42.435577,-75.204553
13826,42.099820,-75.638796
13827,42.117827,-76.249166
13830,42.437694,-75.627357
13832,42.658130,-75.672216
13833,42.198205,-75.768632
13834,42.530981,-74.965895
13835,42.383214,-76.178996
13838,42.285099,-75.388127
13839,42.262039,-75.252051
13841,42.406990,-75.842161
13842,42.376700,-74.723609
13843,42.503033,-75.382469
13844,42.608179,-75.668317
13845,42.053431,-76.354924
13846,42.363723,-75.054746
13847,42.186107,-75.291002
13849,42.350096,-75.309317
13850,42.049395,-76.017594
13856,42.171041,-75.183316
13859,42.372464,-75.245243
13860,42.453131,-74.932972
13861,42.508540,-75.151092
13862,42.330958,-75.931008
13863,42.455495,-75.898915
13864,42.271760,-76.388557
13865,42.032061,-75.615617
13901,42.183203,-75.876048
13902,42.088824,-75.968883
13903,42.041870,-75.889077
13904,42.134123,-75.820206
13905,42.170436,-75.943434
14001,43.036573,-78.510831
14004,42.891371,-78.503687
14005,42.920586,-78.250065
14006,42.633130,-79.021745
14008,43.312726,-78.623166
14009,42.593154,-78.397461
14011,42.830674,-78.299709
14012,43.332173,-78.532622
14013,43.086290,-78.397746
14020,42.996190,-78.213412
14024,42.581363,-78.245468
14025,42.622205,-78.727034
14026,42.942356,-78.687965
14028,43.318040,-78.717617
14030,42.564386,-78.507624
14031,42.983128,-78.614258
14032,43.046729,-78.630773
14033,42.654382,-78.692124
14034,42.500569,-78.865375
14035,42.490778,-78.848389
14036,42.973851,-78.389527
14037,42.802789,-78.453328
14039,42.851480,-78.173096
14040,42.890873,-78.376631
14041,42.398835,-78.971581
14042,42.475564,-78.488807
14043,42.901971,-78.703418
14047,42.687367,-78.986636
14048,42.484359,-79.317005
14051,43.042842,-78.699413
14052,42.772531,-78.584321
14054,42.919587,-78.126802
14055,42.562879,-78.600126
14057,42.646574,-78.874782
14058,43.102049,-78.168857
14059,42.833552,-78.634046
14060,42.450155,-78.296467
14061,42.593878,-79.079302
14062,42.438404,-79.143107
14063,42.408690,-79.331304
14065,42.484905,-78.312811
14066,42.629054,-78.185536
14067,43.213204,-78.568403
14068,43.027386,-78.756666
14069,42.615234,-78.642935
14070,42.419658,-78.917725
14072,43.017901,-78.962657
14075,42.712657,-78.834708
14080,42.648324,-78.548308
14081,42.563203,-79.067834
14082,42.656563,-78.385184
14085,42.717882,-78.921629
14086,42.909063,-78.629256
14091,42.538233,-78.893008
14092,43.173220,-78.993074
14094,43.157758,-78.701995
14098,43.334373,-78.380616
14101,42.392651,-78.538203
14102,42.837026,-78.557725
14103,43.211161,-78.376770
14105,43.199166,-78.483903
14108,43.263343,-78.726950
14109,43.137952,-79.034134
14111,42.580255,-78.904691
14112,42.697963,-78.939953
14113,42.671576,-78.339931
14120,43.079317,-78.842654
14125,43.084919,-78.274609
14126,43.335882,-78.728636
14127,42.752803,-78.739697
14129,42.481182,-79.017384
14130,42.555981,-78.147652
14131,43.238603,-78.899823
14132,43.149330,-78.877732
14134,42.527686,-78.523981
14135,42.487694,-79.240900
14136,42.517379,-79.174812
14138,42.379512,-79.036656
14139,42.718405,-78.541402
14141,42.524967,-78.712076
14143,42.972268,-78.064247
14145,42.729606,-78.434328
14150,42.998084,-78.878256
14167,42.748523,-78.322954
14168,42.520385,-78.990541
14169,42.766144,-78.523698
14170,42.700245,-78.674307
14171,42.424674,-78.649832
14172,43.272672,-78.812943
14173,42.525971,-78.473102
14174,43.249139,-78.998325
14201,42.896060,-78.886424
14202,42.881489,-78.877477
14203,42.868914,-78.869693
14204,42.882138,-78.861325
14206,42.880078,-78.810469
14207,42.951932,-78.898883
14208,42.915890,-78.853098
14209,42.913960,-78.866027
14210,42.862657,-78.828768
14211,42.906731,-78.819891
14212,42.894211,-78.820173
14213,42.918097,-78.892406
14214,42.939640,-78.840689
14215,42.935288,-78.810645
14216,42.949615,-78.861119
14217,42.971876,-78.876869
14218,42.819372,-78.830952
14219,42.788675,-78.826431
14220,42.845738,-78.822076
14221,42.984481,-78.722761
14222,42.919826,-78.876923
14223,42.973452,-78.846201
14224,42.837759,-78.747821
14225,42.928949,-78.750273
14226,42.971014,-78.796455
14227,42.886872,-78.730832
14228,43.044371,-78.777335
14261,43.007693,-78.791436
14301,43.095821,-79.040408
14302,43.093896,-79.049193
14303,43.084975,-79.038402
14304,43.099407,-78.951983
14305,43.122831,-79.023218
14411,43.235972,-78.216477
14414,42.890961,-77.743757
14415,42.755495,-77.017084
14416,43.082693,-77.980115
14418,42.604430,-77.216428
14420,43.211739,-77.934564
14422,43.084761,-78.066965
14423,42.933948,-77.821103
14424,42.856695,-77.303277
14425,42.991514,-77.338020
14427,42.621589,-78.053905
14428,43.080517,-77.853568
14432,42.957391,-77.143523
14433,43.082126,-76.877598
14435,42.712552,-77.663312
14437,42.570141,-77.733764
14441,42.684610,-76.957603
14445,43.113062,-77.490306
14450,43.092487,-77.420461
14454,42.797774,-77.774638
14456,42.847695,-76.998972
14462,42.686534,-77.751115
14464,43.327049,-77.932163
14466,42.776517,-77.581042
14467,43.036367,-77.612051
14468,43.293956,-77.802049
14469,42.877919,-77.471014
14470,43.205212,-78.057685
14471,42.753761,-77.492189
14472,42.966819,-77.575134
14475,42.937819,-77.498297
14476,43.329379,-78.042800
14477,43.333129,-78.140393
14478,42.577823,-77.126322
14479,43.236262,-78.313775
14480,42.838482,-77.710342
14481,42.761795,-77.921452
14482,42.978904,-77.971534
14485,42.882635,-77.601026
14486,42.894280,-77.921587
14487,42.811758,-77.636006
14489,43.088381,-76.994347
14502,43.096594,-77.335388
14504,42.968981,-77.231501
14505,43.159419,-77.168961
14506,43.005511,-77.516656
14507,42.684916,-77.254886
14510,42.683010,-77.869009
14511,42.999374,-77.891790
14512,42.645241,-77.399770
14513,43.086308,-77.092116
14514,43.109913,-77.814986
14516,43.201328,-76.919338
14517,42.592426,-77.895852
14519,43.233972,-77.314631
14521,42.676642,-76.805003
14522,43.061423,-77.220399
14525,42.877513,-78.013345
14526,43.151464,-77.444396
14527,42.665508,-77.066309
14529,42.539976,-77.638100
14530,42.739910,-77.998746
14532,42.964101,-77.032088
14533,42.838808,-77.888751
14534,43.056890,-77.521042
14536,42.543975,-78.083671
14537,43.035808,-77.163201
14539,42.834499,-77.874751
14541,42.765059,-76.848967
14542,43.147329,-76.860121
14543,42.983831,-77.678535
14544,42.756251,-77.243735
14545,42.664857,-77.701007
14546,43.032675,-77.780006
14548,42.976072,-77.243870
14549,42.700031,-78.017273
14550,42.679902,-78.093487
14551,43.218368,-77.049581
14555,43.260787,-76.975740
14559,43.189980,-77.819052
14560,42.683429,-77.565904
14561,42.820432,-77.131778
14564,42.986699,-77.434360
14568,43.161845,-77.281657
14569,42.735221,-78.171092
14571,43.341652,-78.251742
14572,42.564925,-77.562598
14580,43.217283,-77.444534
14585,42.906261,-77.553145
14586,43.041675,-77.689904
14588,42.680987,-76.870803
14589,43.249424,-77.174261
14590,43.242547,-76.826243
14591,42.832085,-78.107386
14592,42.872237,-77.895893
14604,43.156212,-77.604741
14605,43.168428,-77.602642
14606,43.171047,-77.697953
14607,43.150776,-77.586432
14608,43.154099,-77.622930
14609,43.177093,-77.554873
14610,43.142359,-77.545372
14611,43.148316,-77.646987
14612,43.266330,-77.676706
14613,43.182171,-77.640175
14614,43.157442,-77.615355
14615,43.201207,-77.654749
14616,43.234622,-77.657663
14617,43.225497,-77.593527
14618,43.114542,-77.554976
14619,43.136456,-77.649477
14620,43.128291,-77.605805
14621,43.189939,-77.603649
14622,43.215741,-77.552402
14623,43.087349,-77.641862
14624,43.128300,-77.731411
14625,43.150035,-77.505520
14626,43.216558,-77.710789
14627,43.128664,-77.629144
14701,42.080160,-79.256710
14706,42.113246,-78.533146
14707,42.077340,-78.060520
14708,42.019219,-78.063617
14709,42.356494,-77.982064
14710,42.087770,-79.419847
14711,42.326732,-78.119419
14712,42.183745,-79.361923
14714,42.296728,-78.233633
14715,42.076530,-78.144750
14716,42.390637,-79.445044
14717,42.361647,-78.179701
14718,42.345814,-79.287617
14719,42.341958,-78.875953
14720,42.108592,-79.281179
14721,42.013905,-78.266442
14722,42.209489,-79.468361
14723,42.317698,-79.157224
14724,42.046328,-79.669830
14726,42.253585,-79.020279
14727,42.206882,-78.297294
14728,42.263333,-79.423176
14729,42.408377,-78.743584
14731,42.307351,-78.655503
14732,42.231862,-79.116414
14733,42.160122,-79.172199
14735,42.452690,-78.096169
14736,42.140845,-79.746108
14737,42.329050,-78.428611
14738,42.055006,-79.084541
14739,42.192604,-78.146295
14740,42.223203,-79.181435
14741,42.219966,-78.611624
14742,42.120123,-79.306839
14743,42.211871,-78.396009
14744,42.428100,-78.206654
14747,42.153715,-79.094518
14748,42.157106,-78.643074
14750,42.079766,-79.329244
14752,42.351728,-79.319857
14753,42.036032,-78.664372
14754,42.021908,-78.201569
14755,42.233756,-78.804596
14756,42.198039,-79.421274
14757,42.237679,-79.504709
14760,42.077027,-78.418429
14767,42.057352,-79.514135
14769,42.367931,-79.472317
14770,42.037929,-78.300296
14772,42.157470,-78.952618
14774,42.088367,-78.149093
14775,42.228753,-79.699933
14777,42.386080,-78.273772
14778,42.077584,-78.483239
14779,42.081231,-78.777985
14781,42.161603,-79.601288
14782,42.265508,-79.263865
14783,42.082144,-78.887354
14784,42.311143,-79.385369
14787,42.311240,-79.565066
14788,42.061991,-78.380108
14801,42.104056,-77.292968
14802,42.253375,-77.789297
14803,42.273416,-77.745296
14804,42.317259,-77.847936
14805,42.352793,-76.713898
14806,42.171497,-77.772561
14807,42.420997,-77.711347
14808,42.559639,-77.466860
14809,42.424318,-77.448755
14810,42.349751,-77.343379
14812,42.300727,-77.005249
14813,42.252647,-77.995104
14814,42.155636,-76.959300
14815,42.374268,-77.086780
14816,42.197873,-76.732083
14817,42.357625,-76.335167
14818,42.454933,-76.818927
14819,42.224194,-77.441939
14820,42.193280,-77.359900
14821,42.241574,-77.219254
14822,42.424481,-77.851457
14823,42.248614,-77.554873
14824,42.259793,-76.699531
14825,42.056296,-76.618187
14826,42.491462,-77.497792
14827,42.180651,-77.142885
14830,42.128123,-77.031977
14836,42.533010,-77.869746
14837,42.490667,-77.026107
14838,42.188126,-76.662349
14839,42.119444,-77.640967
14840,42.441653,-77.194396
14841,42.525338,-76.840915
14842,42.600620,-76.981464
14843,42.320079,-77.646339
14845,42.215841,-76.834100
14846,42.532090,-78.001564
14847,42.608500,-76.734217
14850,42.432165,-76.497042
14853,42.449002,-76.477551
14854,42.505802,-76.614769
14855,42.145700,-77.497396
14856,42.376717,-77.366506
14858,42.029790,-77.134956
14859,42.114838,-76.538139
14860,42.591920,-76.831428
14861,42.088212,-76.686236
14864,42.275415,-76.840921
14865,42.348180,-76.833969
14867,42.343150,-76.618094
14869,42.362320,-76.768965
14870,42.160372,-77.127611
14871,42.039595,-76.911364
14872,42.243653,-76.874902
14873,42.522912,-77.298359
14874,42.530177,-77.175488
14877,42.057790,-77.680307
14878,42.450262,-76.943405
14879,42.321946,-77.187158
14880,42.177508,-77.970614
14881,42.399901,-76.358994
14882,42.579578,-76.553706
14883,42.237436,-76.475779
14884,42.479522,-77.893852
14885,42.046486,-77.570328
14886,42.505752,-76.684984
14889,42.234191,-76.579111
14891,42.377014,-76.946182
14892,42.046025,-76.529114
14893,42.467714,-77.107721
14894,42.019065,-76.777092
14895,42.081440,-77.940922
14897,42.020695,-77.792636
14898,42.053364,-77.429500
14901,42.087649,-76.746938
14903,42.131632,-76.871851
14904,42.070383,-76.800650
14905,42.087725,-76.843282
15001,40.595263,-80.322877
15003,40.603640,-80.216424
15004,40.345102,-80.381297
15005,40.645080,-80.186648
15006,40.633590,-79.876889
15007,40.652282,-79.931688
15009,40.697912,-80.365277
15010,40.770872,-80.351446
15012,40.155417,-79.812946
15014,40.608072,-79.740428
15015,40.637248,-80.081101
15017,40.342274,-80.122354
15018,40.265885,-79.797067
15019,40.406974,-80.328574
15020,40.233411,-79.950296
15021,40.388565,-80.441527
15022,40.124908,-79.939333
15024,40.584970,-79.847315
15025,40.297812,-79.923273
15026,40.504991,-80.353946
15027,40.666338,-80.240179
15028,40.311313,-79.789560
15030,40.591655,-79.782503
15031,40.348224,-80.161151
15033,40.179104,-79.864709
15034,40.350816,-79.890602
15035,40.384822,-79.807401
15037,40.258036,-79.852590
15038,40.250809,-79.925568
15042,40.690315,-80.204823
15043,40.551695,-80.487856
15044,40.637986,-79.947904
15045,40.325814,-79.885985
15046,40.555697,-80.228607
15047,40.315621,-79.793844
15049,40.556113,-79.805574
15050,40.563665,-80.434517
15051,40.562602,-79.866913
15052,40.658731,-80.430743
15053,40.381001,-80.359879
15054,40.362377,-80.407683
15055,40.306293,-80.123516
15056,40.563890,-80.216015
15057,40.358656,-80.243904
15059,40.677919,-80.485549
15060,40.366849,-80.292127
15061,40.659907,-80.319697
15062,40.148547,-79.878200
15063,40.191166,-79.922476
15064,40.356339,-80.149929
15065,40.644035,-79.725378
15066,40.747074,-80.256143
15067,40.207274,-79.962434
15068,40.557191,-79.725802
15071,40.412105,-80.187799
15072,40.139245,-79.856330
15074,40.734035,-80.208354
15075,40.586037,-79.826914
15076,40.607346,-79.834668
15077,40.625131,-80.415891
15078,40.355915,-80.384977
15081,40.575072,-80.236104
15082,40.377841,-80.212916
15083,40.262466,-79.785744
15084,40.628590,-79.803264
15085,40.385735,-79.722251
15086,40.674947,-80.106364
15087,40.189522,-79.853422
15088,40.272147,-79.896180
15089,40.225233,-79.748806
15090,40.625015,-80.067058
15101,40.580328,-79.955241
15102,40.321350,-80.036546
15104,40.403883,-79.862605
15106,40.410120,-80.114202
15108,40.500472,-80.201802
15110,40.373461,-79.850162
15112,40.404484,-79.837706
15116,40.526032,-79.932225
15120,40.395872,-79.907511
15122,40.361206,-79.895641
15126,40.462479,-80.284445
15129,40.293248,-79.996037
15131,40.338791,-79.796071
15132,40.339767,-79.842782
15133,40.326747,-79.866547
15135,40.310836,-79.812893
15136,40.463480,-80.106172
15137,40.375736,-79.808765
15139,40.522823,-79.836255
15140,40.407779,-79.776344
15142,40.382059,-80.118682
15143,40.565935,-80.146400
15144,40.548049,-79.777952
15145,40.415280,-79.824086
15146,40.426328,-79.761358
15147,40.497284,-79.830770
15148,40.393451,-79.795120
15201,40.474410,-79.950968
15202,40.504968,-80.067821
15203,40.426207,-79.975672
15204,40.456867,-80.060630
15205,40.438093,-80.099090
15206,40.472272,-79.913156
15207,40.403792,-79.928873
15208,40.453191,-79.899497
15209,40.498847,-79.969726
15210,40.406951,-79.984987
15211,40.430322,-80.015633
15212,40.456939,-79.990054
15213,40.444042,-79.955247
15214,40.486557,-80.013953
15215,40.501295,-79.912677
15216,40.402626,-80.034849
15217,40.430821,-79.920089
15218,40.423610,-79.889803
15219,40.443184,-79.983064
15220,40.419506,-80.047768
15221,40.435791,-79.864270
15222,40.447691,-79.993445
15223,40.505181,-79.952226
15224,40.464234,-79.944805
15225,40.506680,-80.113844
15226,40.395053,-80.013952
15227,40.375703,-79.970572
15228,40.370667,-80.044135
15229,40.520353,-80.037053
15232,40.452517,-79.931939
15233,40.460862,-80.034917
15234,40.368140,-80.017795
15235,40.459801,-79.822420
15236,40.347404,-79.975481
15237,40.549607,-80.043513
15238,40.537201,-79.879443
15239,40.483674,-79.738074
15241,40.333518,-80.081412
15243,40.375511,-80.072372
15260,40.443915,-79.953256
15290,40.457329,-80.019294
15301,40.153494,-80.253464
15310,39.792724,-80.482197
15311,40.045914,-80.183933
15312,40.251528,-80.440702
15313,40.067960,-80.023705
15314,40.146306,-80.016809
15315,39.758289,-79.982684
15316,39.724269,-80.252412
15317,40.276893,-80.170729
15320,39.876241,-79.990272
15321,40.323357,-80.187945
15322,39.988230,-80.053284
15323,40.112251,-80.405659
15324,40.100777,-80.065715
15325,39.949429,-79.963374
15327,39.744871,-79.960854
15329,40.027715,-80.279927
15330,40.179368,-80.089973
15331,40.105350,-80.022571
15332,40.240216,-79.993473
15333,40.030787,-80.013210
15334,39.808312,-79.967895
15337,39.952162,-80.378188
15338,39.786257,-80.002141
15340,40.283226,-80.317491
15341,39.824200,-80.343863
15342,40.244231,-80.221186
15344,39.915747,-80.061424
15345,40.022623,-80.105047
15346,39.935438,-80.075344
15347,40.220317,-80.221104
15348,39.985793,-79.996258
15349,39.762403,-80.093925
15350,40.293306,-80.200808
15351,39.884305,-79.930223
15352,39.752215,-80.382774
15353,39.962124,-80.310954
15357,39.941608,-79.980409
15358,40.055388,-80.003007
15359,39.876488,-80.275766
15360,40.084912,-80.082379
15361,40.329012,-80.258411
15362,39.772469,-80.213932
15363,40.251799,-80.198050
15364,39.946321,-80.304780
15366,40.159548,-79.973027
15367,40.261094,-80.055672
15368,40.013872,-79.989284
15370,39.880615,-80.171197
15376,40.108896,-80.478975
15377,39.988469,-80.449057
15378,40.278384,-80.275081
15379,40.243194,-80.425176
15380,39.867562,-80.467119
15401,39.899926,-79.745662
15410,39.911791,-79.901982
15411,39.748580,-79.346892
15412,40.088771,-79.859227
15413,39.985307,-79.871134
15417,40.008601,-79.918268
15419,40.046955,-79.894985
15420,39.960141,-79.865229
15421,39.845848,-79.597198
15422,39.981184,-79.811587
15423,40.089905,-79.932521
15424,39.819520,-79.359350
15425,40.029709,-79.548840
15427,40.069947,-79.974807
15428,40.084267,-79.682026
15429,40.002852,-79.938276
15430,40.039411,-79.654384
15431,39.949851,-79.596338
15432,40.113849,-79.859899
15433,39.982683,-79.948732
15434,40.081867,-79.887389
15435,39.942666,-79.849566
15436,39.817812,-79.724778
15437,39.780202,-79.612138
15438,40.073207,-79.857770
15440,39.735268,-79.616939
15442,40.019082,-79.839708
15443,39.919668,-79.880747
15444,40.011976,-79.908804
15445,39.876113,-79.667849
15446,40.030982,-79.402992
15447,39.943822,-79.936893
15448,40.136048,-79.732527
15449,39.964329,-79.783355
15450,40.001137,-79.974194
15451,39.736891,-79.835780
15454,39.863151,-79.871733
15455,40.003300,-79.642276
15456,39.926646,-79.652104
15458,39.890125,-79.851171
15459,39.780970,-79.485501
15460,39.807966,-79.907168
15461,39.842678,-79.899964
15462,40.064295,-79.378703
15463,39.965563,-79.899834
15464,39.930138,-79.436202
15466,40.074568,-79.891797
15467,39.784799,-79.926068
15468,39.950112,-79.832570
15469,40.009815,-79.418399
15470,39.867154,-79.532018
15472,39.919373,-79.716851
15473,40.043825,-79.790742
15474,39.751392,-79.893487
15475,39.951649,-79.877545
15476,39.869730,-79.920611
15477,40.078203,-79.863966
15478,39.787462,-79.804657
15479,40.151237,-79.707539
15480,39.985621,-79.773567
15482,40.061488,-79.766067
15483,40.083020,-79.850922
15484,39.892689,-79.783677
15486,40.025886,-79.711164
15489,39.966381,-79.696055
15490,40.072377,-79.454483
15492,40.118305,-79.764298
15501,40.039742,-79.129820
15502,40.041023,-79.241503
15510,39.966968,-79.040036
15520,40.106367,-79.060539
15521,40.208045,-78.630355
15522,39.941732,-78.548409
15530,39.940809,-78.924027
15531,40.183936,-79.082097
15532,39.762035,-79.060801
15533,39.981847,-78.241926
15534,39.899265,-78.691197
15535,39.821183,-78.444171
15536,39.954555,-78.203555
15537,40.000385,-78.366843
15538,39.863715,-78.834458
15539,40.128409,-78.591380
15540,39.797439,-79.239272
15541,40.043876,-78.971391
15542,39.875694,-79.071544
15544,40.135638,-79.093436
15545,39.802122,-78.752497
15546,40.136624,-79.047988
15547,40.162146,-79.071708
15550,39.978253,-78.649618
15551,39.868154,-79.284798
15552,39.793280,-78.990962
15554,40.122918,-78.621785
15555,40.092408,-79.082247
15557,39.927663,-79.218371
15558,39.748420,-79.110357
15559,40.060248,-78.691065
15560,40.016558,-78.907139
15561,40.095599,-79.087672
15562,39.739533,-79.134556
15563,40.097575,-78.928920
15564,39.729993,-78.837774
15601,40.314981,-79.534803
15610,40.146956,-79.417201
15611,40.306515,-79.652640
15612,40.137347,-79.599717
15613,40.546577,-79.561663
15615,40.365308,-79.734156
15616,40.222755,-79.553297
15617,40.268182,-79.655373
15618,40.571026,-79.439869
15620,40.323545,-79.338689
15621,40.213857,-79.483456
15622,40.049578,-79.329190
15623,40.367199,-79.620342
15624,40.364867,-79.470198
15625,40.269506,-79.679749
15626,40.406993,-79.576160
15627,40.351006,-79.300048
15628,40.100553,-79.373372
15629,40.597437,-79.562908
15631,40.087482,-79.585356
15632,40.439145,-79.600116
15633,40.357318,-79.523907
15634,40.323945,-79.604923
15635,40.347904,-79.501557
15636,40.365470,-79.657084
15637,40.264955,-79.711818
15638,40.264322,-79.398961
15639,40.203514,-79.593806
15640,40.224626,-79.729265
15641,40.631645,-79.589328
15642,40.318382,-79.723736
15644,40.347382,-79.611245
15646,40.082173,-79.326493
15647,40.342501,-79.729198
15650,40.277177,-79.392906
15655,40.190142,-79.160129
15656,40.656904,-79.629005
15658,40.247834,-79.230681
15660,40.244601,-79.774390
15661,40.322166,-79.360132
15662,40.334318,-79.478335
15663,40.251846,-79.679271
15665,40.339497,-79.660846
15666,40.161024,-79.509814
15668,40.460564,-79.670009
15670,40.407121,-79.443505
15671,40.356289,-79.321800
15672,40.243792,-79.621588
15673,40.593808,-79.556616
15675,40.335305,-79.637074
15676,40.240835,-79.465714
15677,40.143126,-79.237310
15678,40.287221,-79.726231
15679,40.175948,-79.653825
15680,40.520777,-79.499278
15681,40.500367,-79.439951
15683,40.107186,-79.608271
15684,40.460696,-79.520663
15686,40.623446,-79.431311
15687,40.136223,-79.316448
15688,40.168606,-79.584793
15689,40.221425,-79.491440
15690,40.641350,-79.549422
15691,40.295377,-79.686141
15692,40.331755,-79.678914
15693,40.253148,-79.407701
15695,40.197278,-79.693244
15696,40.280112,-79.366167
15697,40.241129,-79.579932
15698,40.214407,-79.688503
15701,40.628381,-79.150041
15710,40.642463,-78.871670
15711,41.018425,-78.955620
15712,40.790456,-78.847887
15713,40.569757,-79.261680
15714,40.651306,-78.825059
15715,40.970657,-78.877426
15716,40.465148,-79.186897
15717,40.457206,-79.243213
15721,40.816322,-78.792568
15722,40.595071,-78.724558
15723,40.698747,-79.158676
15724,40.735096,-78.813634
15725,40.518948,-79.348779
15727,40.558009,-79.309754
15728,40.675665,-78.971780
15729,40.706445,-78.915125
15730,41.057508,-79.094932
15731,40.503767,-79.176410
15732,40.727686,-79.211872
15733,40.988862,-78.959295
15734,40.724797,-79.001265
15736,40.701250,-79.366445
15737,40.601258,-78.759013
15738,40.691553,-78.785122
15739,40.674249,-79.168735
15741,40.802488,-78.891033
15742,40.816978,-78.864006
15744,40.922559,-79.084009
15745,40.623001,-78.915191
15746,40.758509,-78.889294
15747,40.775788,-79.145875
15748,40.523638,-79.084150
15750,40.484780,-79.180918
15752,40.540593,-79.283249
15753,40.803842,-78.645319
15754,40.556656,-79.151524
15756,40.566558,-79.297083
15757,40.903001,-78.731664
15759,40.773017,-79.031699
15760,40.648324,-78.800199
15761,40.632245,-78.889807
15762,40.594306,-78.829301
15764,40.992622,-79.028710
15765,40.599057,-78.987702
15767,40.962153,-78.968171
15770,41.008788,-79.136717
15771,40.831556,-78.989145
15772,40.870222,-78.898677
15773,40.626766,-78.735444
15774,40.654690,-79.323835
15775,40.632482,-78.788141
15776,41.010988,-79.111592
15777,40.693760,-78.965439
15778,40.969117,-79.195246
15779,40.390847,-79.214432
15780,40.913146,-79.071425
15781,40.963797,-78.986853
15783,40.609214,-79.343219
15784,41.024426,-79.141266
15801,41.125057,-78.722433
15821,41.350958,-78.368514
15823,41.259876,-78.715680
15824,41.250833,-78.841186
15825,41.174822,-79.034223
15827,41.319159,-78.521654
15828,41.385406,-79.123304
15829,41.169298,-79.202144
15832,41.356513,-78.197279
15834,41.500760,-78.322783
15840,41.171972,-78.822649
15841,41.262939,-78.529883
15845,41.494294,-78.689546
15846,41.319857,-78.580314
15847,41.090187,-79.032482
15848,41.024169,-78.730644
15849,41.164492,-78.582254
15851,41.102906,-78.910417
15853,41.392343,-78.791631
15856,41.082255,-78.614302
15857,41.455085,-78.520228
15860,41.334002,-79.020323
15861,41.306095,-78.066377
15863,41.014385,-78.839736
15864,41.103578,-79.197538
15865,41.044954,-78.828292
15866,41.023892,-78.791035
15868,41.300372,-78.327675
15870,41.594121,-78.567901
15901,40.328742,-78.914292
15902,40.323118,-78.883169
15904,40.311595,-78.840989
15905,40.290655,-78.969943
15906,40.379677,-78.955677
15909,40.409742,-78.869741
15920,40.474500,-79.047534
15921,40.317338,-78.700860
15922,40.517598,-78.876676
15923,40.355220,-79.158504
15924,40.103423,-78.762858
15925,40.408519,-78.640702
15926,40.026799,-78.816837
15927,40.539999,-78.778646
15928,40.239529,-78.918459
15929,40.468336,-79.008099
15930,40.294969,-78.719020
15931,40.506250,-78.757723
15934,40.279061,-78.803986
15935,40.208131,-78.965027
15936,40.160910,-78.892595
15937,40.205334,-78.984724
15938,40.418854,-78.611126
15940,40.517034,-78.625208
15942,40.398324,-78.811023
15943,40.474082,-78.838748
15944,40.363889,-79.079158
15945,40.358484,-78.867092
15946,40.372126,-78.633397
15948,40.489959,-78.764649
15949,40.396027,-79.116263
15951,40.333187,-78.770688
15952,40.303506,-78.776141
15953,40.208407,-78.884900
15954,40.424043,-78.998097
15955,40.322865,-78.697386
15956,40.350555,-78.795942
15957,40.557963,-78.904882
15958,40.387524,-78.730422
15960,40.497162,-78.884165
15961,40.471096,-78.941795
15962,40.388180,-78.715039
15963,40.227773,-78.759252
16001,40.910025,-79.945191
16002,40.815135,-79.855361
16020,41.115334,-79.898582
16022,41.054140,-79.733691
16023,40.785483,-79.750313
16024,40.742716,-80.038538
16025,40.939175,-79.760661
16027,40.820154,-80.019183
16028,40.951294,-79.635593
16029,40.879153,-79.846169
16030,41.136395,-79.796967
16033,40.783867,-80.051114
16034,40.862126,-79.733735
16035,41.108993,-80.014526
16036,41.134894,-79.666595
16037,40.842611,-80.133751
16038,41.164486,-79.953346
16040,41.093880,-79.840799
16041,41.005338,-79.714928
16045,40.852814,-79.916711
16046,40.702748,-80.023906
16048,41.053202,-79.818427
16049,41.094067,-79.671823
16050,41.044024,-79.761496
16051,40.944894,-80.138143
16052,40.899396,-80.061581
16053,40.811868,-79.983143
16054,41.153536,-79.663009
16055,40.716859,-79.749717
16056,40.728403,-79.841812
16057,41.034074,-80.060300
16059,40.707082,-79.927088
16061,41.005109,-79.884740
16063,40.762315,-80.122900
16066,40.709967,-80.105642
16101,40.983987,-80.290240
16102,40.960237,-80.424525
16105,41.057828,-80.340829
16110,41.505249,-80.380762
16111,41.520379,-80.282617
16112,40.960467,-80.498397
16113,41.280826,-80.424148
16114,41.402848,-80.183931
16115,40.796494,-80.463523
16116,41.044195,-80.449588
16117,40.871835,-80.256207
16120,40.885259,-80.479162
16121,41.211216,-80.497214
16123,40.821932,-80.196513
16124,41.336170,-80.276062
16125,41.406356,-80.372825
16127,41.173009,-80.072998
16130,41.444632,-80.222949
16131,41.550522,-80.378230
16132,41.005848,-80.505148
16133,41.267757,-80.114460
16134,41.524682,-80.478678
16136,40.834932,-80.323771
16137,41.231230,-80.238647
16140,41.095323,-80.514030
16141,40.868089,-80.398468
16142,41.145427,-80.333134
16143,41.104030,-80.444939
16145,41.380196,-80.078627
16146,41.234113,-80.499672
16148,41.228489,-80.417588
16150,41.285145,-80.453250
16151,41.443900,-80.206786
16153,41.322240,-80.086586
16154,41.325898,-80.420113
16155,41.067732,-80.510731
16156,41.088767,-80.216432
16157,40.888212,-80.333383
16159,41.153413,-80.475263
16160,40.930554,-80.356607
16161,41.197090,-80.495844
16201,40.805185,-79.469413
16210,40.895514,-79.514280
16211,40.794443,-79.202555
16212,40.754359,-79.583923
16213,41.125669,-79.557671
16214,41.203549,-79.360502
16217,41.331192,-79.173680
16218,40.933435,-79.590649
16222,40.873676,-79.257028
16223,40.975988,-79.363954
16224,41.065080,-79.294860
16226,40.711646,-79.486425
16228,40.760813,-79.535765
16229,40.717124,-79.642747
16230,41.020482,-79.283246
16232,41.213586,-79.551242
16233,41.361240,-79.271067
16235,41.322665,-79.352329
16236,40.787838,-79.522661
16238,40.787837,-79.520848
16239,41.496972,-79.137779
16240,41.036013,-79.225000
16242,41.009881,-79.365745
16244,40.792176,-79.276658
16245,41.006720,-79.298366
16246,40.791720,-79.182154
16248,41.034002,-79.502977
16249,40.761947,-79.312139
16250,40.768512,-79.232968
16253,40.951168,-79.342756
16254,41.253396,-79.461389
16255,41.128813,-79.466757
16256,40.855267,-79.134458
16258,41.236936,-79.278339
16259,40.925711,-79.451859
16260,41.396463,-79.230763
16262,40.839032,-79.652206
16263,40.801717,-79.336609
16301,41.453285,-79.622427
16311,41.462167,-80.042383
16312,41.932135,-79.303214
16313,41.733693,-79.122409
16314,41.520676,-80.077072
16316,41.601773,-80.303633
16317,41.532556,-79.853702
16319,41.324204,-79.623458
16321,41.571060,-79.399591
16322,41.598847,-79.373564
16323,41.411920,-79.828317
16326,41.376158,-79.431740
16327,41.637082,-79.959566
16328,41.653227,-79.725540
16329,41.798643,-79.258874
16331,41.293731,-79.558676
16332,41.356717,-79.369545
16333,41.705210,-78.928483
16334,41.290554,-79.449351
16335,41.630953,-80.156056
16340,41.802378,-79.417669
16341,41.566080,-79.549355
16342,41.321886,-79.941498
16343,41.425982,-79.752686
16344,41.470393,-79.684546
16345,41.944404,-79.082916
16346,41.378502,-79.671970
16347,41.659517,-79.069365
16350,41.956923,-79.334404
16351,41.675353,-79.370344
16352,41.767268,-79.038364
16353,41.495354,-79.373115
16354,41.613725,-79.706464
16360,41.684105,-79.890935
16361,41.384113,-79.342388
16362,41.450497,-79.965179
16364,41.351416,-79.527305
16365,41.840224,-79.157385
16370,41.574811,-79.460024
16371,41.869947,-79.326122
16372,41.200007,-79.872631
16373,41.208469,-79.698409
16374,41.263498,-79.815085
16401,41.878476,-80.405160
16402,41.961661,-79.469604
16403,41.792998,-80.014121
16404,41.727006,-79.789388
16405,41.946042,-79.532738
16406,41.749512,-80.362140
16407,41.922164,-79.664251
16410,41.922751,-80.308509
16411,41.977956,-80.447072
16412,41.884930,-80.170371
16415,42.037520,-80.230320
16416,41.825729,-79.472696
16417,41.971081,-80.315029
16420,41.696300,-79.547259
16421,42.171262,-79.931855
16422,41.667548,-80.310188
16423,42.021099,-80.340132
16424,41.661408,-80.438957
16426,41.979331,-80.142080
16427,41.877373,-79.967907
16428,42.171464,-79.831488
16433,41.737079,-80.140914
16434,41.796720,-79.668697
16435,41.817035,-80.385386
16436,41.838888,-79.510429
16438,41.892299,-79.845314
16440,41.782549,-80.126018
16441,41.958490,-79.983551
16442,42.038485,-79.825705
16443,41.939645,-80.484235
16444,41.871224,-80.120756
16501,42.120958,-80.089762
16502,42.110702,-80.101358
16503,42.127036,-80.061065
16504,42.109077,-80.049033
16505,42.131338,-80.138303
16506,42.062345,-80.151707
16507,42.139070,-80.083681
16508,42.096812,-80.094030
16509,42.060022,-80.038141
16510,42.108991,-79.954821
16511,42.166262,-79.990170
16546,42.104924,-80.053445
16563,42.117333,-79.986486
16601,40.555264,-78.370416
16602,40.512662,-78.373929
16611,40.579889,-78.115672
16613,40.548031,-78.537565
16616,40.767620,-78.440215
16617,40.607302,-78.322633
16619,40.660938,-78.446887
16620,40.840687,-78.351837
16621,40.232247,-78.125214
16622,40.328640,-78.066403
16623,40.271681,-78.052188
16624,40.570425,-78.600475
16625,40.282550,-78.504283
16627,40.757881,-78.497822
16630,40.456176,-78.576441
16631,40.272766,-78.345602
16633,40.157386,-78.234926
16634,40.210954,-78.173077
16635,40.410853,-78.499413
16636,40.600253,-78.502014
16637,40.341102,-78.467242
16638,40.336605,-78.203622
16639,40.695498,-78.448137
16640,40.705732,-78.574484
16641,40.489794,-78.484985
16645,40.799177,-78.499092
16646,40.689706,-78.726650
16647,40.400594,-78.103809
16648,40.434448,-78.331000
16650,40.112053,-78.291955
16651,40.851464,-78.380424
16652,40.516022,-77.950096
16655,40.227952,-78.502963
16656,40.807227,-78.555986
16657,40.324864,-78.180282
16659,40.161554,-78.389730
16661,40.831088,-78.460928
16662,40.312725,-78.295450
16664,40.180753,-78.423648
16665,40.388705,-78.434236
16666,40.893849,-78.323205
16667,40.178298,-78.531649
16668,40.653367,-78.622319
16669,40.655953,-77.906687
16670,40.262378,-78.507952
16671,40.787552,-78.398242
16672,40.185501,-78.237228
16673,40.312437,-78.391483
16674,40.189417,-78.088273
16677,40.811839,-78.243597
16678,40.222577,-78.238232
16679,40.155253,-78.194384
16680,40.743203,-78.377591
16682,40.266061,-78.457822
16683,40.663867,-78.065558
16685,40.287492,-78.082637
16686,40.667866,-78.250746
16689,40.129985,-78.128990
16691,40.077493,-78.145934
16692,40.750827,-78.710802
16693,40.485362,-78.220805
16694,40.155301,-78.148799
16695,40.204653,-78.336929
16699,40.447211,-78.560505
16701,41.918454,-78.750607
16720,41.603181,-78.009756
16724,41.731993,-78.369239
16725,41.908177,-78.655324
16726,41.814590,-78.572463
16727,41.981005,-78.530040
16728,41.565765,-78.924183
16729,41.962550,-78.477022
16730,41.817813,-78.422813
16731,41.951380,-78.360377
16732,41.857255,-78.617264
16733,41.700701,-78.571785
16734,41.617607,-78.840217
16735,41.636099,-78.813409
16738,41.806868,-78.732143
16740,41.740956,-78.681499
16743,41.767638,-78.232975
16744,41.867085,-78.567081
16745,41.922273,-78.480505
16746,41.793875,-78.122491
16748,41.947228,-78.144487
16749,41.778911,-78.451517
16750,41.888978,-78.291593
16801,40.778883,-77.841371
16802,40.802605,-77.860639
16803,40.801651,-77.899659
16820,40.895701,-77.392432
16821,40.964394,-78.200900
16822,41.148300,-77.697030
16823,40.939052,-77.772647
16825,40.986770,-78.316466
16826,41.053921,-77.580410
16827,40.768521,-77.772704
16828,40.812101,-77.680555
16829,41.084949,-77.887495
16830,41.078677,-78.428662
16832,40.843945,-77.481590
16833,40.944007,-78.572360
16834,41.051824,-78.087077
16835,40.907430,-77.877404
16836,41.159132,-78.273274
16837,40.945440,-78.474451
16838,41.006463,-78.651726
16839,41.003854,-78.110537
16840,40.924257,-78.203080
16841,41.044614,-77.698187
16843,41.002756,-78.465645
16844,40.909068,-77.932075
16845,41.121742,-78.010569
16847,40.999285,-78.165498
16848,41.011313,-77.533288
16849,40.961123,-78.115673
16851,40.821867,-77.787183
16852,40.937031,-77.518663
16853,40.939209,-77.787059
16854,40.898021,-77.473100
16855,40.996457,-78.375664
16858,41.003352,-78.209655
16859,41.040743,-78.023238
16860,40.937991,-78.179764
16861,40.859044,-78.520499
16863,40.907850,-78.474641
16865,40.712063,-77.996064
16866,40.829699,-78.181491
16868,40.731973,-77.880499
16870,40.800878,-78.061907
16871,41.186615,-78.025727
16872,40.967475,-77.358425
16874,40.984823,-77.976008
16875,40.840940,-77.587219
16876,40.965638,-78.287646
16877,40.738693,-78.060782
16878,40.948941,-78.323571
16879,40.970952,-78.151495
16881,41.026780,-78.320437
16882,40.912451,-77.323471
16901,41.721291,-77.337283
16911,41.658676,-77.129189
16912,41.678438,-77.043261
16914,41.854230,-76.783664
16915,41.775448,-77.970918
16917,41.721702,-77.056756
16920,41.973653,-77.280816
16921,41.724126,-77.556256
16922,41.680661,-77.710708
16923,41.950555,-77.870564
16925,41.948556,-76.783808
16926,41.727085,-76.701713
16927,41.958712,-77.658709
16928,41.953384,-77.434478
16929,41.963406,-77.134908
16930,41.583782,-77.138826
16932,41.779128,-76.939472
16933,41.819424,-77.062502
16935,41.877494,-77.304722
16936,41.951125,-76.967113
16937,41.967896,-77.710941
16938,41.591145,-77.370357
16939,41.663649,-77.025818
16940,41.985396,-77.238250
16941,41.988299,-77.758044
16942,41.962541,-77.352208
16943,41.830161,-77.612813
16946,41.908728,-77.137724
16947,41.759502,-76.804051
16948,41.854715,-77.759215
16950,41.900000,-77.531963
17002,40.502470,-77.848424
17003,40.362358,-76.569599
17004,40.601046,-77.730437
17005,40.602849,-76.809700
17006,40.286783,-77.546042
17007,40.125795,-77.118771
17009,40.636112,-77.565287
17010,40.277992,-76.582841
17011,40.234830,-76.928846
17013,40.242686,-77.197284
17015,40.177826,-77.229536
17016,40.277475,-76.402287
17017,40.637788,-76.882189
17018,40.422061,-76.826124
17019,40.094022,-77.022058
17020,40.414171,-77.041503
17021,40.330526,-77.668192
17022,40.167052,-76.608920
17023,40.584266,-76.816261
17024,40.406934,-77.306825
17025,40.294093,-76.974481
17026,40.458441,-76.431397
17027,40.155998,-76.995461
17028,40.396460,-76.659197
17029,40.558017,-77.616997
17030,40.609235,-76.725609
17032,40.491831,-76.832555
17033,40.271823,-76.637562
17034,40.208610,-76.785533
17035,40.403786,-77.581315
17036,40.268235,-76.712106
17037,40.434076,-77.422021
17038,40.467915,-76.556026
17039,40.292709,-76.240707
17040,40.322798,-77.304095
17041,40.216634,-76.539605
17042,40.294817,-76.424823
17043,40.247611,-76.900134
17044,40.577237,-77.594258
17045,40.597093,-77.000928
17046,40.381858,-76.429627
17047,40.376501,-77.428287
17048,40.576792,-76.761348
17049,40.653038,-77.256087
17050,40.247990,-77.027370
17051,40.459518,-77.775772
17052,40.276913,-77.986345
17053,40.325040,-77.026474
17055,40.182918,-77.004597
17056,40.537288,-77.354260
17057,40.193562,-76.724573
17058,40.505381,-77.552470
17059,40.589162,-77.391073
17060,40.469261,-77.893956
17061,40.566703,-76.909090
17062,40.546773,-77.187656
17063,40.761026,-77.484947
17064,40.242231,-76.476111
17065,40.110211,-77.189087
17066,40.352563,-77.869227
17067,40.390423,-76.315048
17068,40.410582,-77.178299
17069,40.453987,-76.970039
17070,40.202401,-76.865678
17071,40.298415,-77.601934
17072,40.233731,-77.081728
17073,40.302838,-76.255161
17074,40.478901,-77.148585
17075,40.393866,-77.835285
17076,40.616186,-77.311762
17077,40.403009,-76.535937
17078,40.287452,-76.581080
17080,40.640678,-76.803100
17081,40.201020,-77.283453
17082,40.495071,-77.448376
17083,40.277602,-76.437595
17084,40.675647,-77.626511
17086,40.690624,-77.122007
17087,40.435744,-76.280818
17088,40.300678,-76.294224
17090,40.318207,-77.181043
17093,40.307209,-76.930571
17094,40.581247,-77.198154
17097,40.580098,-76.677428
17098,40.588957,-76.632327
17099,40.632242,-77.576438
17101,40.258655,-76.894376
17102,40.270370,-76.905279
17103,40.275965,-76.866333
17104,40.254506,-76.862176
17109,40.289953,-76.824314
17110,40.315813,-76.886436
17111,40.267831,-76.787370
17112,40.373101,-76.776511
17113,40.225984,-76.827994
17120,40.265186,-76.882805
17201,39.961056,-77.656165
17202,39.875125,-77.609075
17210,40.205232,-77.658997
17211,39.754149,-78.400966
17212,39.812634,-78.064287
17213,40.244192,-77.771225
17214,39.748111,-77.471320
17215,40.078237,-77.892945
17217,40.238625,-77.721567
17219,40.249798,-77.683214
17220,40.191575,-77.738979
17221,40.068125,-77.816484
17222,39.896406,-77.493941
17223,40.086500,-77.942752
17224,39.967941,-77.897478
17225,39.783506,-77.762870
17228,39.987100,-78.093362
17229,40.084004,-78.010139
17233,39.975605,-77.987160
17235,39.857193,-77.698053
17236,39.800187,-77.947400
17237,39.833929,-77.543724
17238,39.858110,-78.130940
17239,40.131797,-77.836770
17240,40.150871,-77.579686
17241,40.176528,-77.408448
17243,40.277527,-77.819941
17244,40.086764,-77.658616
17246,40.054394,-77.660811
17247,39.798776,-77.579352
17249,40.241379,-77.899459
17250,39.737141,-77.524295
17251,40.131802,-77.685552
17252,39.912329,-77.826910
17253,40.213308,-78.006905
17254,39.970229,-77.590358
17255,40.161252,-77.862515
17256,39.782914,-77.677308
17257,40.046821,-77.493064
17260,40.296045,-77.893701
17261,39.860912,-77.508159
17262,40.144998,-77.740213
17263,39.727222,-77.717855
17264,40.179925,-77.993741
17265,40.027596,-77.781222
17266,40.088568,-77.412933
17267,39.807955,-78.239657
17268,39.774913,-77.575622
17270,39.854730,-77.797808
17271,40.097754,-77.803092
17272,39.769525,-77.621818
17301,39.895240,-76.978971
17302,39.817260,-76.413680
17304,39.977245,-77.232742
17306,39.980581,-77.249397
17307,39.947758,-77.326819
17309,39.871334,-76.450129
17311,39.816546,-76.842472
17313,39.884013,-76.659984
17314,39.755506,-76.326301
17315,40.026604,-76.864065
17316,39.965466,-77.007959
17317,39.970710,-76.523188
17318,40.022258,-76.723017
17319,40.160489,-76.793975
17320,39.770718,-77.388758
17321,39.749675,-76.444345
17322,39.855910,-76.532733
17324,40.030395,-77.236846
17325,39.826258,-77.227606
17327,39.779512,-76.753257
17329,39.761844,-76.851120
17331,39.789690,-76.977984
17339,40.134731,-76.885292
17340,39.755229,-77.116784
17343,39.869254,-77.334798
17344,39.805688,-77.019219
17345,40.078089,-76.747503
17347,40.057548,-76.688144
17349,39.744992,-76.647408
17350,39.890088,-77.079399
17352,39.761201,-76.499847
17353,39.883086,-77.371736
17355,39.759868,-76.696019
17356,39.896585,-76.582259
17360,39.854372,-76.750390
17361,39.765516,-76.677065
17362,39.847679,-76.868704
17363,39.768623,-76.586385
17364,39.929395,-76.899326
17365,40.060733,-76.933860
17366,39.932790,-76.556703
17368,39.983858,-76.518703
17370,40.121440,-76.778402
17371,39.902704,-76.787960
17372,40.001467,-77.106153
17401,39.959462,-76.733457
17402,39.958485,-76.658660
17403,39.923228,-76.712794
17404,40.002612,-76.773548
17406,40.014709,-76.640873
17407,39.883773,-76.712102
17408,39.928859,-76.799350
17501,40.156459,-76.204040
17502,40.100904,-76.660147
17505,40.063501,-76.192436
17507,40.198042,-76.016233
17508,40.124758,-76.218766
17509,39.912055,-76.036499
17512,40.040236,-76.486336
17516,39.941460,-76.371359
17517,40.244751,-76.132881
17518,39.808930,-76.253014
17519,40.141438,-76.023423
17520,40.097518,-76.349193
17522,40.173688,-76.170494
17527,40.008881,-75.991296
17529,40.041933,-76.097142
17532,39.858156,-76.288008
17535,39.982036,-76.022866
17536,39.848034,-76.073774
17538,40.082629,-76.414548
17540,40.097543,-76.189894
17543,40.181032,-76.295380
17545,40.178669,-76.434370
17547,40.068435,-76.586630
17550,40.075890,-76.583396
17551,39.982202,-76.371419
17552,40.108352,-76.510920
17554,40.040303,-76.424176
17555,40.122377,-75.959392
17557,40.099850,-76.072742
17560,39.912675,-76.227681
17562,39.970438,-76.092067
17563,39.760748,-76.193306
17565,39.897702,-76.331027
17566,39.867186,-76.147513
17569,40.271433,-76.096577
17570,40.129942,-76.568851
17572,39.974435,-76.119357
17576,40.037195,-76.196760
17578,40.226099,-76.159806
17579,39.960406,-76.180752
17581,40.160511,-76.049590
17582,39.993140,-76.469176
17584,39.954448,-76.259838
17601,40.074241,-76.314914
17602,40.014623,-76.246351
17603,40.030839,-76.330432
17606,40.111670,-76.303907
17701,41.345045,-76.857256
17702,41.183488,-77.077271
17721,41.183625,-77.318405
17723,41.435023,-77.471376
17724,41.642528,-76.805113
17727,41.510687,-77.496446
17728,41.334774,-77.078567
17729,41.511239,-77.736103
17730,41.110449,-76.878410
17731,41.429410,-76.578672
17737,41.299271,-76.685780
17739,41.388170,-77.418683
17740,41.249445,-77.269646
17742,41.238532,-76.602270
17744,41.240970,-77.153274
17745,41.285072,-77.471166
17747,41.032578,-77.331757
17748,41.150402,-77.352978
17749,41.072241,-76.818889
17750,41.057866,-77.482253
17751,41.153528,-77.544790
17752,41.180139,-76.930251
17754,41.311612,-76.889212
17756,41.208002,-76.739819
17758,41.360147,-76.535534
17760,41.413576,-77.657357
17762,41.284231,-76.700157
17763,41.507375,-76.976180
17764,41.334750,-77.813637
17765,41.565735,-76.973451
17767,41.083874,-77.463161
17768,41.558836,-76.755985
17771,41.437285,-77.035516
17772,41.125057,-76.713033
17774,41.281191,-76.533013
17776,41.414649,-77.292840
17777,41.106517,-76.821696
17778,41.284918,-77.983927
17779,41.207259,-77.376901
17801,40.834724,-76.755008
17810,41.111360,-77.031372
17812,40.740534,-77.227910
17813,40.780401,-77.172083
17814,41.273237,-76.363142
17815,41.020038,-76.420092
17820,40.895639,-76.403739
17821,40.990142,-76.644205
17822,40.968016,-76.605142
17823,40.745495,-76.776193
17824,40.852378,-76.505339
17827,40.752860,-76.968032
17829,40.900549,-77.155804
17830,40.686064,-76.805170
17832,40.805945,-76.459020
17834,40.780210,-76.466875
17835,40.878987,-77.204312
17836,40.714342,-76.606462
17837,40.974977,-76.945150
17840,40.772092,-76.433120
17841,40.724869,-77.352556
17842,40.802950,-77.040151
17844,40.973975,-77.085405
17845,40.884370,-77.211570
17846,41.141745,-76.517122
17847,41.007962,-76.811043
17850,40.965596,-76.857448
17851,40.803118,-76.434300
17853,40.694729,-77.006700
17855,40.890386,-76.966684
17856,41.065358,-76.947364
17857,40.932136,-76.772972
17859,41.116755,-76.398537
17860,40.866964,-76.611035
17861,40.773224,-77.082304
17862,40.860506,-77.056395
17864,40.704727,-76.905819
17865,40.990180,-76.786769
17866,40.802252,-76.547547
17867,40.714115,-76.688597
17868,40.957721,-76.633968
17870,40.817323,-76.888636
17872,40.753396,-76.697714
17876,40.858108,-76.825754
17878,41.176018,-76.323488
17880,40.892209,-77.121755
17881,40.782906,-76.670014
17884,41.055983,-76.669463
17885,40.866345,-77.314017
17886,41.016709,-76.875204
17887,41.129175,-76.932899
17888,40.806775,-76.378479
17889,40.877739,-76.921282
17901,40.683828,-76.277542
17920,40.819642,-76.326909
17921,40.751575,-76.360586
17922,40.582492,-76.110646
17923,40.632873,-76.319914
17925,40.754944,-76.072700
17929,40.630703,-76.194039
17930,40.708664,-76.115313
17931,40.786491,-76.214575
17933,40.604485,-76.243195
17934,40.796439,-76.211333
17935,40.796140,-76.279682
17936,40.750116,-76.339930
17938,40.653070,-76.517083
17941,40.685722,-76.609184
17943,40.756660,-76.387810
17944,40.672540,-76.279256
17945,40.785350,-76.375457
17946,40.810364,-76.256372
17948,40.845385,-76.117468
17949,40.793926,-76.242345
17951,40.678556,-76.245246
17952,40.755438,-76.058552
17953,40.751902,-76.120218
17954,40.690420,-76.259688
17957,40.591824,-76.518212
17959,40.732018,-76.150078
17960,40.697241,-75.947044
17961,40.649699,-76.060949
17963,40.561577,-76.382017
17964,40.702954,-76.514515
17965,40.698615,-76.165281
17967,40.856253,-76.216265
17968,40.638679,-76.612300
17970,40.720206,-76.191949
17972,40.592165,-76.205790
17974,40.695700,-76.236267
17976,40.819867,-76.210606
17978,40.625448,-76.614963
17979,40.561567,-76.199716
17980,40.518691,-76.644544
17981,40.634118,-76.389387
17982,40.785932,-76.021309
17983,40.642622,-76.547166
17985,40.912303,-76.216648
18011,40.477974,-75.646129
18013,40.848762,-75.177293
18014,40.764431,-75.409221
18015,40.585869,-75.367239
18016,40.632130,-75.392847
18017,40.659951,-75.387306
18018,40.627594,-75.395584
18020,40.672385,-75.327459
18030,40.802263,-75.663720
18031,40.552084,-75.648674
18032,40.656191,-75.467788
18034,40.546353,-75.415278
18035,40.745323,-75.538544
18036,40.509151,-75.385940
18037,40.683103,-75.548010
18038,40.794881,-75.486087
18040,40.746007,-75.225665
18041,40.420460,-75.509926
18042,40.654176,-75.223124
18045,40.693450,-75.272796
18046,40.548009,-75.560346
18049,40.515732,-75.489290
18051,40.595607,-75.666926
18052,40.657428,-75.504255
18053,40.719230,-75.704117
18054,40.352369,-75.438736
18055,40.591583,-75.304353
18056,40.450942,-75.550389
18058,40.888739,-75.494290
18059,40.723506,-75.543081
18062,40.503935,-75.585180
18063,40.782599,-75.167151
18064,40.757008,-75.315964
18066,40.664462,-75.740100
18067,40.715038,-75.474675
18068,40.484829,-75.520041
18069,40.625289,-75.615125
18070,40.434866,-75.535617
18071,40.834214,-75.555278
18072,40.844140,-75.259135
18073,40.386499,-75.474430
18074,40.316737,-75.515686
18076,40.374803,-75.480790
18077,40.570065,-75.237114
18078,40.673304,-75.620717
18079,40.743873,-75.658519
18080,40.735856,-75.635308
18081,40.563695,-75.281582
18083,40.754952,-75.267086
18085,40.741232,-75.254887
18086,40.736807,-75.547930
18087,40.556830,-75.593654
18088,40.765692,-75.557509
18091,40.831388,-75.319795
18092,40.469697,-75.513140
18101,40.602658,-75.469236
18102,40.608473,-75.476275
18103,40.570308,-75.488926
18104,40.611658,-75.546853
18105,40.601416,-75.493938
18106,40.564710,-75.568758
18109,40.636938,-75.439893
18195,40.584272,-75.624789
18201,40.949038,-75.955638
18202,40.954433,-76.045987
18210,41.004434,-75.576536
18211,40.744080,-75.830406
18212,40.775253,-75.709569
18214,40.800254,-76.084215
18216,40.941496,-75.892858
18218,40.819740,-75.916102
18219,40.990787,-76.057456
18220,40.840529,-76.060382
18221,41.001778,-75.917333
18222,41.035227,-76.003468
18223,40.982353,-75.950287
18224,41.026275,-75.873263
18225,40.981311,-75.971311
18229,40.931094,-75.673779
18230,40.921083,-75.934528
18231,40.904304,-76.007984
18232,40.833033,-75.884397
18234,40.992594,-75.964350
18235,40.829796,-75.697860
18237,40.886531,-75.979617
18239,40.989337,-75.988272
18240,40.864677,-75.872265
18241,40.951524,-76.130802
18242,40.911388,-76.124322
18244,40.822445,-75.670561
18245,40.853214,-76.033518
18246,40.957215,-76.195185
18248,40.901160,-76.093068
18249,40.987794,-76.116117
18250,40.824963,-75.846201
18251,41.008051,-76.077381
18252,40.766995,-75.974097
18254,40.915913,-75.965651
18255,40.933491,-75.829695
18256,40.940886,-76.146755
18301,41.042703,-75.175581
18302,41.096550,-75.111107
18321,41.025750,-75.283310
18322,40.918523,-75.393279
18323,41.196579,-75.273469
18324,41.158143,-75.000689
18325,41.204726,-75.225359
18326,41.167313,-75.253020
18327,40.967874,-75.133837
18328,41.228522,-74.973952
18330,40.968776,-75.449217
18331,40.909936,-75.443831
18332,41.094747,-75.261341
18333,40.906085,-75.490084
18334,41.054954,-75.431784
18335,41.068138,-75.103546
18336,41.374716,-74.742761
18337,41.329110,-74.871787
18340,41.417762,-74.765897
18342,41.170609,-75.273444
18343,40.898529,-75.110092
18344,41.122901,-75.343996
18346,41.142754,-75.421191
18347,41.138882,-75.560229
18349,41.101253,-75.366514
18350,41.123825,-75.466143
18351,40.922720,-75.099334
18352,41.006831,-75.356087
18353,40.895340,-75.357668
18354,40.922603,-75.322095
18355,41.076955,-75.362899
18356,41.011079,-75.118103
18357,41.231653,-75.210713
18360,40.967382,-75.287972
18370,41.092408,-75.339537
18371,41.149966,-75.044755
18372,41.044022,-75.336350
18403,41.509701,-75.535045
18405,41.599606,-75.103881
18407,41.591754,-75.534793
18411,41.454492,-75.744541
18413,41.648128,-75.589342
18414,41.541072,-75.741068
18415,41.743530,-75.124268
18417,41.809701,-75.201116
18419,41.585933,-75.792369
18420,41.602006,-75.710133
18421,41.664210,-75.492886
18424,41.230478,-75.524965
18425,41.438445,-75.043141
18426,41.325507,-75.239061
18427,41.404977,-75.406897
18428,41.404304,-75.118065
18430,41.756453,-75.472457
18431,41.616510,-75.257698
18433,41.573307,-75.581330
18434,41.453952,-75.542985
18435,41.455609,-74.983238
18436,41.442799,-75.393450
18437,41.871969,-75.316504
18438,41.439159,-75.256488
18439,41.825503,-75.348966
18441,41.656053,-75.613942
18443,41.662927,-75.102094
18444,41.329074,-75.552770
18445,41.297908,-75.359362
18446,41.656175,-75.759143
18447,41.513448,-75.607166
18451,41.396998,-75.217955
18452,41.483628,-75.590282
18453,41.758495,-75.370789
18454,41.827285,-75.426144
18455,41.893001,-75.359193
18456,41.612796,-75.340433
18457,41.472094,-75.049165
18458,41.395754,-74.919254
18459,41.504102,-75.428839
18460,41.249894,-75.313008
18461,41.929003,-75.327674
18462,41.914344,-75.409089
18463,41.357556,-75.396934
18464,41.403012,-75.176950
18465,41.831299,-75.516849
18466,41.196442,-75.394233
18469,41.703684,-75.130492
18470,41.724706,-75.535516
18471,41.529093,-75.691180
18472,41.583410,-75.396687
18473,41.522059,-75.217172
18503,41.411107,-75.667470
18504,41.425521,-75.699867
18505,41.386202,-75.651527
18507,41.359038,-75.681823
18508,41.454947,-75.657937
18509,41.430836,-75.642907
18510,41.407379,-75.636613
18512,41.426229,-75.601387
18517,41.394641,-75.713636
18518,41.375058,-75.739557
18519,41.461939,-75.630719
18602,41.185952,-75.753988
18603,41.082035,-76.258139
18610,41.069339,-75.549469
18612,41.346088,-75.986380
18614,41.524947,-76.496996
18615,41.461702,-75.857203
18616,41.504830,-76.636058
18617,41.170540,-76.077533
18618,41.365177,-76.041404
18619,41.461696,-76.717816
18621,41.248601,-76.098546
18622,41.201232,-76.273515
18623,41.664801,-76.151984
18624,41.060686,-75.647064
18625,41.513387,-75.848822
18626,41.398286,-76.523876
18628,41.430143,-76.313808
18629,41.517604,-76.141339
18630,41.662144,-76.023636
18631,41.029907,-76.304374
18632,41.459360,-76.377495
18634,41.185512,-76.022619
18635,41.029240,-76.201347
18636,41.391410,-76.113651
18640,41.298230,-75.738725
18641,41.340533,-75.725729
18642,41.356348,-75.773181
18643,41.370822,-75.840422
18644,41.327930,-75.882372
18651,41.254040,-75.959845
18653,41.393316,-75.823130
18655,41.187724,-76.203214
18656,41.332524,-76.185452
18657,41.522510,-75.959485
18660,41.097733,-76.062014
18661,41.076379,-75.740724
18701,41.243648,-75.885029
18702,41.230476,-75.757441
18704,41.262553,-75.914636
18705,41.271834,-75.842735
18706,41.203289,-75.914803
18707,41.135750,-75.933499
18708,41.295848,-75.963463
18709,41.285469,-75.896388
18801,41.826389,-75.939711
18810,41.933295,-76.507130
18812,41.973202,-75.964751
18814,41.784063,-76.607272
18816,41.757157,-75.915633
18817,41.872722,-76.631611
18818,41.911258,-76.044011
18821,41.989756,-75.722751
18822,41.970399,-75.794149
18823,41.778326,-75.690124
18824,41.697366,-75.787183
18825,41.807883,-75.607728
18826,41.745746,-75.748893
18828,41.806724,-76.096165
18829,41.837644,-76.173693
18830,41.959087,-76.114452
18831,41.894223,-76.598118
18832,41.678278,-76.568742
18833,41.597169,-76.483621
18834,41.830967,-75.720934
18837,41.915054,-76.302838
18840,41.971552,-76.534965
18842,41.749704,-75.623443
18843,41.794457,-75.899586
18844,41.690970,-75.905239
18845,41.787369,-76.182163
18846,41.621411,-76.229986
18847,41.928820,-75.579031
18848,41.751057,-76.454741
18850,41.854257,-76.462384
18851,41.933902,-76.176463
18853,41.721414,-76.276925
18854,41.790684,-76.355747
18901,40.306267,-75.147144
18902,40.352134,-75.095680
18912,40.323952,-75.056407
18913,40.379390,-75.060010
18914,40.288978,-75.209591
18915,40.272101,-75.256830
18917,40.376920,-75.205948
18920,40.497718,-75.084034
18923,40.359341,-75.173921
18925,40.288811,-75.058039
18929,40.255513,-75.080152
18930,40.521074,-75.218673
18932,40.291585,-75.250486
18935,40.437016,-75.403473
18936,40.224050,-75.230959
18938,40.351048,-74.998049
18940,40.261315,-74.937775
18942,40.471159,-75.160467
18944,40.389293,-75.234442
18947,40.422899,-75.117839
18950,40.445233,-75.074441
18951,40.452964,-75.348855
18954,40.225413,-74.992957
18955,40.476640,-75.313694
18960,40.366237,-75.325845
18962,40.346684,-75.271138
18964,40.303470,-75.337889
18966,40.188468,-75.009898
18969,40.326304,-75.368422
18970,40.412007,-75.381170
18972,40.527320,-75.124666
18974,40.217062,-75.072803
18976,40.248821,-75.143522
18977,40.286862,-74.882113
18980,40.269965,-75.017182
19001,40.125912,-75.125442
19002,40.187195,-75.206891
19003,40.001553,-75.298929
19004,40.009753,-75.231508
19006,40.150436,-75.033899
19007,40.113179,-74.857650
19008,39.972605,-75.360258
19009,40.137805,-75.064242
19010,40.023624,-75.329727
19012,40.059767,-75.105880
19013,39.848281,-75.377981
19014,39.864907,-75.432958
19015,39.868633,-75.392945
19017,39.892371,-75.460139
19018,39.923075,-75.298595
19020,40.100591,-74.938934
19021,40.089651,-74.892183
19022,39.861440,-75.337022
19023,39.917140,-75.267387
19025,40.146444,-75.161987
19026,39.950318,-75.304042
19027,40.073118,-75.124431
19029,39.868372,-75.292374
19030,40.180468,-74.837263
19031,40.109155,-75.217005
19032,39.891296,-75.278777
19033,39.890882,-75.328434
19034,40.134266,-75.204847
19035,40.051349,-75.277642
19036,39.903578,-75.293355
19038,40.100418,-75.171761
19040,40.176879,-75.105595
19041,40.007406,-75.315837
19043,39.900283,-75.308850
19044,40.186067,-75.152867
19046,40.101404,-75.105519
19047,40.180089,-74.911873
19050,39.937537,-75.263665
19053,40.153918,-74.974991
19054,40.173024,-74.818822
19055,40.150307,-74.839218
19056,40.149339,-74.885815
19057,40.140815,-74.854040
19060,39.849996,-75.493690
19061,39.828830,-75.435069
19063,39.920460,-75.416182
19064,39.933156,-75.340813
19066,40.002583,-75.249064
19067,40.206218,-74.818440
19070,39.906248,-75.324733
19072,40.023891,-75.257741
19073,39.983259,-75.429241
19074,39.885990,-75.295756
19075,40.113880,-75.185031
19076,39.886097,-75.307370
19078,39.874378,-75.322125
19079,39.898781,-75.267070
19081,39.898048,-75.347159
19082,39.960411,-75.270393
19083,39.977025,-75.312066
19085,40.036973,-75.349913
19086,39.890631,-75.370032
19087,40.061872,-75.402461
19090,40.157452,-75.124753
19094,39.874881,-75.346642
19095,40.086002,-75.151408
19096,39.997882,-75.274178
19102,39.952783,-75.165586
19103,39.952896,-75.174298
19104,39.958520,-75.198857
19106,39.948629,-75.142789
19107,39.951735,-75.158654
19109,39.949652,-75.163654
19111,40.060612,-75.080176
19112,39.889877,-75.169141
19113,39.870698,-75.247123
19114,40.069399,-75.000162
19115,40.090698,-75.042868
19116,40.115569,-75.013276
19118,40.073872,-75.211217
19119,40.053348,-75.191112
19120,40.034147,-75.119198
19121,39.981980,-75.179120
19122,39.977746,-75.145899
19123,39.964489,-75.145802
19124,40.017119,-75.092814
19125,39.976249,-75.125105
19126,40.055390,-75.137560
19127,40.028146,-75.227549
19128,40.048483,-75.227934
19129,40.013014,-75.185402
19130,39.967935,-75.176073
19131,39.990184,-75.217795
19132,39.996262,-75.170855
19133,39.993092,-75.141671
19134,39.989604,-75.109091
19135,40.022110,-75.048534
19136,40.039406,-75.018555
19137,39.993096,-75.071978
19138,40.056002,-75.159048
19139,39.961352,-75.229334
19140,40.012177,-75.145495
19141,40.037574,-75.145697
19142,39.921752,-75.233279
19143,39.942579,-75.225905
19144,40.033858,-75.174075
19145,39.909857,-75.198265
19146,39.939496,-75.184146
19147,39.935327,-75.152489
19148,39.911612,-75.151475
19149,40.037722,-75.065768
19150,40.072495,-75.171824
19151,39.979570,-75.257036
19152,40.060946,-75.046985
19153,39.893446,-75.229648
19154,40.096483,-74.983217
19301,40.040279,-75.480341
19310,39.935090,-75.972822
19311,39.821095,-75.771347
19312,40.031291,-75.454948
19316,40.054082,-75.833825
19317,39.860800,-75.599381
19319,39.924558,-75.520943
19320,39.963092,-75.832030
19330,39.868292,-75.913785
19333,40.041872,-75.423597
19335,40.022618,-75.721218
19341,40.039941,-75.640626
19342,39.904122,-75.499422
19343,40.100822,-75.754835
19344,40.083577,-75.881364
19345,40.029437,-75.565339
19348,39.870280,-75.712913
19350,39.760276,-75.796353
19352,39.775919,-75.889657
19355,40.046452,-75.532998
19358,39.963913,-75.805064
19362,39.750743,-76.070383
19363,39.790560,-75.968479
19365,39.966371,-75.925129
19367,39.962992,-75.884023
19372,39.998397,-75.758457
19373,39.901133,-75.533485
19374,39.824747,-75.759748
19375,39.900459,-75.740472
19380,39.987186,-75.603156
19382,39.927665,-75.613166
19383,39.951594,-75.601627
19390,39.836097,-75.842359
19401,40.130180,-75.331629
19403,40.148673,-75.375506
19405,40.103552,-75.341022
19406,40.093268,-75.383637
19422,40.156810,-75.279393
19425,40.101778,-75.651066
19426,40.191299,-75.437052
19428,40.080337,-75.300461
19435,40.327484,-75.569174
19436,40.201504,-75.246987
19437,40.182431,-75.258603
19438,40.268899,-75.390732
19440,40.285998,-75.291149
19442,40.129517,-75.583145
19444,40.087755,-75.253168
19446,40.232327,-75.303915
19453,40.140568,-75.497917
19454,40.223335,-75.243047
19456,40.133903,-75.461771
19457,40.206378,-75.590117
19460,40.126827,-75.530448
19462,40.115345,-75.281990
19464,40.258928,-75.615861
19465,40.190390,-75.684564
19468,40.207638,-75.532067
19472,40.336934,-75.573783
19473,40.256195,-75.482380
19474,40.223528,-75.404036
19475,40.172275,-75.600158
19477,40.183315,-75.231457
19492,40.285460,-75.491912
19501,40.244477,-76.064701
19503,40.406546,-75.571951
19504,40.416217,-75.588554
19505,40.379158,-75.620505
19506,40.452958,-76.127973
19507,40.505230,-76.270129
19508,40.261940,-75.833687
19510,40.447528,-75.877656
19511,40.485917,-75.743230
19512,40.348327,-75.680555
19518,40.270211,-75.752511
19519,40.320604,-75.734884
19520,40.163510,-75.793465
19522,40.447368,-75.820496
19523,40.201158,-75.849720
19525,40.305649,-75.585013
19526,40.547158,-75.996570
19529,40.631309,-75.864614
19530,40.539070,-75.781445
19533,40.425103,-75.992623
19534,40.574006,-75.881067
19535,40.339979,-75.804036
19536,40.480578,-75.758948
19538,40.547528,-75.702562
19539,40.496322,-75.683540
19540,40.236271,-75.966664
19541,40.485961,-76.030235
19542,40.261203,-75.767196
19543,40.175716,-75.893777
19544,40.416876,-76.296566
19545,40.341513,-75.624078
19547,40.380048,-75.768603
19549,40.584518,-76.020034
19550,40.454939,-76.249432
19551,40.361788,-76.137320
19554,40.512925,-76.103746
19555,40.494382,-75.953919
19559,40.495223,-76.182401
19560,40.406182,-75.893801
19562,40.505379,-75.702653
19564,40.518731,-75.878310
19565,40.342381,-76.087880
19567,40.388389,-76.209785
19601,40.355294,-75.940014
19602,40.328740,-75.914976
19604,40.356825,-75.910242
19605,40.397910,-75.943197
19606,40.338614,-75.858157
19607,40.291483,-75.944791
19608,40.310798,-76.034772
19609,40.328313,-75.997285
19610,40.341402,-75.974839
19611,40.324674,-75.942857
19701,39.583171,-75.700899
19702,39.618200,-75.729724
19703,39.801513,-75.453853
19706,39.573245,-75.596191
19707,39.785685,-75.683640
19709,39.494582,-75.675004
19710,39.795167,-75.588092
19711,39.713598,-75.741073
19713,39.670784,-75.712298
19716,39.689560,-75.758391
19717,39.678464,-75.752273
19720,39.646922,-75.604852
19730,39.463828,-75.646933
19731,39.523585,-75.587574
19732,39.783897,-75.570042
19733,39.555826,-75.651088
19734,39.381644,-75.653322
19735,39.803172,-75.599718
19736,39.802479,-75.675916
19801,39.727715,-75.541154
19802,39.756608,-75.529079
19803,39.800665,-75.542415
19804,39.716862,-75.617677
19805,39.743799,-75.593842
19806,39.763305,-75.564142
19807,39.798555,-75.614420
19808,39.737615,-75.667057
19809,39.757786,-75.500953
19810,39.818780,-75.506400
19901,39.181546,-75.473517
19902,39.125248,-75.481818
19904,39.171293,-75.587529
19930,38.547335,-75.064161
19931,38.573968,-75.623043
19933,38.728660,-75.619669
19934,39.084727,-75.627355
19936,39.219138,-75.584133
19938,39.260878,-75.707605
19939,38.566739,-75.210612
19940,38.477562,-75.564931
19941,38.793658,-75.426062
19943,39.004436,-75.606986
19944,38.478535,-75.058146
19945,38.505064,-75.228872
19946,39.034802,-75.449597
19947,38.666490,-75.398202
19950,38.818451,-75.596743
19951,38.685257,-75.255154
19952,38.921424,-75.628425
19953,39.152487,-75.694133
19954,38.897010,-75.520457
19955,39.225855,-75.668556
19956,38.547715,-75.538158
19958,38.728722,-75.168469
19960,38.850913,-75.408716
19962,39.068862,-75.488122
19963,38.943253,-75.362567
19964,39.089325,-75.720500
19966,38.579422,-75.277196
19967,38.538709,-75.122435
19968,38.773925,-75.286885
19970,38.556507,-75.100246
19971,38.686005,-75.086681
19973,38.638896,-75.615899
19975,38.468315,-75.166975
19977,39.298946,-75.546122
19979,39.048818,-75.572566
