*ZIP,LAT,LNG
20001,38.910353,-77.017739
20002,38.905026,-76.983607
20003,38.881904,-76.990935
20004,38.894885,-77.028638
20005,38.904674,-77.031578
20006,38.898609,-77.041461
20007,38.914363,-77.079339
20008,38.936238,-77.059981
20009,38.919144,-77.037381
20010,38.933366,-77.030312
20011,38.952514,-77.022991
20012,38.976873,-77.032609
20015,38.966889,-77.058323
20016,38.936930,-77.090014
20017,38.938188,-76.992126
20018,38.926576,-76.974446
20019,38.891412,-76.943575
20020,38.860413,-76.978933
20024,38.876122,-77.025374
20032,38.833719,-77.006591
20036,38.907017,-77.041569
20037,38.898889,-77.055456
20045,38.896731,-77.030798
20052,38.900126,-77.046981
20053,38.884122,-77.011224
20057,38.909120,-77.075735
20064,38.936354,-76.999167
20105,38.953060,-77.602780
20106,38.699106,-78.002376
20109,38.793641,-77.531024
20110,38.747172,-77.484536
20111,38.748968,-77.427873
20112,38.664571,-77.429326
20115,38.809947,-77.911841
20117,38.998822,-77.733937
20118,38.968339,-77.737005
20119,38.610391,-77.621615
20120,38.856401,-77.476371
20121,38.811059,-77.463237
20124,38.781332,-77.391333
20129,39.172018,-77.601254
20130,39.039434,-77.943893
20132,39.167210,-77.720570
20135,39.086474,-77.887230
20136,38.739468,-77.555635
20137,38.806579,-77.722437
20139,38.655682,-77.694159
20141,39.112390,-77.790704
20143,38.858949,-77.564996
20144,38.923018,-77.946976
20147,39.041947,-77.478130
20148,38.996109,-77.520849
20151,38.896497,-77.445125
20152,38.919145,-77.502426
20155,38.810114,-77.617789
20158,39.139631,-77.658140
20164,39.013299,-77.395067
20165,39.057940,-77.392694
20166,38.986273,-77.455778
20169,38.879166,-77.645449
20170,38.979842,-77.379750
20171,38.923848,-77.396501
20175,39.064437,-77.603993
20176,39.184706,-77.544111
20180,39.268562,-77.637664
20181,38.689126,-77.569610
20184,39.000671,-77.883754
20186,38.698141,-77.851425
20187,38.721847,-77.748187
20190,38.959322,-77.339298
20191,38.934645,-77.351702
20194,38.981059,-77.340775
20197,39.195210,-77.628010
20198,38.884182,-77.744644
20202,38.887071,-77.021010
20204,38.885559,-77.014429
20228,38.886412,-77.030282
20230,38.893794,-77.032798
20240,38.894456,-77.042605
20245,38.893340,-77.044460
20260,38.883669,-77.025035
20307,38.975685,-77.030133
20317,38.934841,-77.014387
20319,38.864838,-77.017003
20373,38.858625,-77.007865
20390,38.879019,-76.993695
20405,38.896377,-77.042588
20418,38.892800,-77.047764
20427,38.902057,-77.047558
20506,38.897071,-77.038728
20510,38.892780,-77.006890
20520,38.894759,-77.048407
20535,38.894467,-77.024844
20540,38.887929,-77.004713
20551,38.892802,-77.045800
20553,38.886946,-77.022968
20560,38.888232,-77.026003
20565,38.890630,-77.019211
20566,38.895570,-77.055128
20593,38.866713,-77.010187
20601,38.613372,-76.851612
20602,38.583248,-76.894703
20603,38.630390,-76.976583
20606,38.263046,-76.737309
20607,38.672666,-77.018549
20608,38.582405,-76.700998
20609,38.270012,-76.767747
20611,38.457813,-76.975118
20612,38.505060,-76.677210
20613,38.671168,-76.805304
20615,38.411433,-76.548803
20616,38.661976,-77.098485
20617,38.543860,-76.852511
20618,38.286438,-76.783071
20619,38.292364,-76.527888
20620,38.233918,-76.528932
20621,38.325991,-76.800810
20622,38.417472,-76.878176
20623,38.741615,-76.842456
20624,38.338072,-76.733500
20625,38.262223,-76.847270
20626,38.231241,-76.771138
20628,38.153100,-76.340023
20629,38.336555,-76.450390
20630,38.164277,-76.475774
20632,38.432799,-76.957993
20634,38.269412,-76.506885
20636,38.352141,-76.567187
20637,38.525121,-76.756089
20639,38.601192,-76.605480
20640,38.527006,-77.202568
20645,38.294223,-76.911085
20646,38.524275,-77.000660
20650,38.268654,-76.633157
20653,38.236310,-76.432886
20657,38.379757,-76.442883
20658,38.560527,-77.160594
20659,38.418673,-76.732449
20660,38.370216,-76.706633
20662,38.428507,-77.205325
20664,38.354485,-76.925395
20667,38.215237,-76.447756
20670,38.285279,-76.415708
20674,38.134797,-76.503548
20675,38.580932,-77.022463
20676,38.493221,-76.541280
20677,38.495257,-77.036716
20678,38.522820,-76.601350
20680,38.109130,-76.385886
20684,38.136143,-76.410164
20685,38.434389,-76.528672
20686,38.178004,-76.429574
20687,38.063698,-76.339689
20688,38.327236,-76.464295
20689,38.662952,-76.579390
20690,38.158147,-76.534882
20692,38.174519,-76.496938
20693,38.457068,-77.089581
20695,38.591492,-76.970784
20701,39.125563,-76.785436
20705,39.049423,-76.900362
20706,38.965880,-76.851092
20707,39.099155,-76.879864
20708,39.057389,-76.825834
20710,38.942368,-76.925910
20711,38.801059,-76.645107
20712,38.942361,-76.964578
20714,38.724359,-76.557178
20715,38.989393,-76.741331
20716,38.926428,-76.715028
20720,38.982780,-76.785824
20721,38.915222,-76.785129
20722,38.934557,-76.950596
20723,39.137569,-76.867942
20724,39.101075,-76.804005
20732,38.655140,-76.542571
20733,38.805653,-76.532229
20735,38.750917,-76.902669
20736,38.689075,-76.627765
20737,38.964265,-76.913538
20740,39.002745,-76.931721
20742,38.989619,-76.945695
20743,38.884230,-76.893317
20744,38.758348,-76.983786
20745,38.806935,-76.995672
20746,38.836403,-76.918265
20747,38.854996,-76.883307
20748,38.814868,-76.933447
20751,38.794437,-76.561199
20754,38.730593,-76.647249
20755,39.107783,-76.747196
20758,38.733371,-76.593148
20759,39.153977,-76.931172
20762,38.809803,-76.869158
20763,39.135260,-76.820437
20764,38.824090,-76.506297
20765,38.841934,-76.544044
20769,38.996698,-76.818647
20770,39.002985,-76.879165
20772,38.780274,-76.766990
20774,38.874532,-76.774182
20776,38.872325,-76.572429
20777,39.174938,-76.969085
20778,38.828682,-76.572609
20779,38.763600,-76.573388
20781,38.952860,-76.946290
20782,38.965751,-76.966463
20783,38.997067,-76.966783
20784,38.950549,-76.891720
20785,38.918291,-76.881948
20794,39.151475,-76.794703
20812,38.967041,-77.143881
20814,39.004989,-77.101490
20815,38.983386,-77.079346
20816,38.956950,-77.120006
20817,38.997272,-77.151816
20818,38.973445,-77.162497
20832,39.150347,-77.078240
20833,39.207175,-77.054670
20837,39.116506,-77.407115
20838,39.218101,-77.390831
20839,39.188307,-77.434971
20841,39.191853,-77.327521
20842,39.199879,-77.415267
20850,39.091338,-77.182294
20851,39.079082,-77.121858
20852,39.051991,-77.121931
20853,39.101713,-77.094562
20854,39.032772,-77.220830
20855,39.133184,-77.134383
20860,39.142366,-77.025412
20861,39.149774,-76.998236
20862,39.181230,-77.018806
20866,39.109275,-76.933973
20868,39.126395,-76.969321
20871,39.261341,-77.282547
20872,39.294465,-77.216125
20874,39.133056,-77.301828
20876,39.208384,-77.237152
20877,39.140749,-77.192060
20878,39.112821,-77.250504
20879,39.168416,-77.171506
20880,39.139726,-77.173557
20882,39.237721,-77.156789
20886,39.188551,-77.205091
20895,39.027040,-77.077609
20896,39.035382,-77.092454
20899,39.143737,-77.216132
20901,39.021495,-77.009779
20902,39.045249,-77.039264
20903,39.021433,-76.980774
20904,39.066616,-76.980935
20905,39.109705,-76.988329
20906,39.087321,-77.057159
20910,39.002837,-77.036701
20912,38.981606,-77.001161
21001,39.503056,-76.202096
21005,39.488112,-76.144520
21009,39.466882,-76.295230
21010,39.390932,-76.292629
21012,39.046525,-76.495552
21013,39.511495,-76.490799
21014,39.536084,-76.352184
21015,39.544176,-76.292469
21017,39.474767,-76.234420
21028,39.565965,-76.249527
21029,39.213616,-76.959448
21030,39.492412,-76.674443
21031,39.487208,-76.658010
21032,39.028343,-76.604145
21034,39.640713,-76.223031
21035,38.938300,-76.626588
21036,39.234644,-77.006738
21037,38.919253,-76.543492
21040,39.436496,-76.289965
21042,39.277181,-76.894602
21043,39.255836,-76.801491
21044,39.205869,-76.879110
21045,39.206042,-76.828234
21046,39.173116,-76.842028
21047,39.521385,-76.438784
21048,39.488125,-76.915075
21050,39.585343,-76.392164
21051,39.472691,-76.455841
21052,39.205576,-76.447067
21053,39.696782,-76.714679
21054,39.040252,-76.685822
21056,39.072941,-76.428558
21057,39.448749,-76.512474
21060,39.166542,-76.582924
21061,39.161942,-76.629444
21071,39.481657,-76.810955
21074,39.621612,-76.839847
21075,39.204096,-76.749360
21076,39.168512,-76.716355
21077,39.156134,-76.697686
21078,39.559229,-76.141248
21082,39.478136,-76.473523
21084,39.613561,-76.466441
21085,39.445883,-76.357007
21087,39.449314,-76.413240
21090,39.208481,-76.672517
21093,39.439140,-76.640950
21102,39.682834,-76.850538
21104,39.346904,-76.912757
21105,39.713946,-76.651281
21108,39.090315,-76.621257
21111,39.575537,-76.589692
21113,39.053565,-76.716578
21114,39.009641,-76.684220
21117,39.427563,-76.777976
21120,39.646204,-76.674854
21122,39.120838,-76.494821
21128,39.409428,-76.447460
21130,39.477321,-76.194181
21131,39.503655,-76.589870
21132,39.694699,-76.440405
21133,39.373505,-76.815284
21136,39.483784,-76.794208
21140,38.949202,-76.582524
21144,39.120914,-76.677313
21146,39.079136,-76.558699
21152,39.541052,-76.679892
21153,39.418247,-76.700870
21154,39.657449,-76.360475
21155,39.573619,-76.806079
21156,39.437208,-76.396486
21157,39.548569,-76.983558
21158,39.653737,-77.035092
21160,39.700248,-76.306544
21161,39.659903,-76.565060
21162,39.390116,-76.405582
21163,39.337527,-76.848247
21201,39.294832,-76.622229
21202,39.296526,-76.607016
21204,39.402268,-76.632295
21205,39.302290,-76.564482
21206,39.338428,-76.538877
21207,39.324167,-76.719484
21208,39.381174,-76.721002
21209,39.373191,-76.670003
21210,39.359156,-76.632685
21211,39.329817,-76.639408
21212,39.368561,-76.614898
21213,39.315031,-76.577429
21214,39.351793,-76.564400
21215,39.345241,-76.683566
21216,39.310595,-76.671717
21217,39.308473,-76.639154
21218,39.330107,-76.601451
21219,39.227459,-76.443305
21220,39.347280,-76.390080
21221,39.289205,-76.434770
21222,39.264840,-76.492566
21223,39.282830,-76.654000
21224,39.274860,-76.542833
21225,39.226117,-76.615735
21226,39.208888,-76.562926
21227,39.239970,-76.679450
21228,39.272857,-76.747741
21229,39.284242,-76.691404
21230,39.266130,-76.623803
21231,39.287200,-76.591953
21234,39.393417,-76.534228
21236,39.388421,-76.483550
21237,39.341939,-76.495443
21239,39.367099,-76.589171
21240,39.174280,-76.671514
21244,39.334931,-76.776589
21250,39.255611,-76.711179
21251,39.344707,-76.581242
21252,39.393786,-76.607803
21286,39.411836,-76.573235
21401,38.987750,-76.552800
21402,38.986683,-76.472905
21403,38.942123,-76.489628
21405,39.027510,-76.556716
21409,39.018435,-76.442533
21502,39.643695,-78.755141
21520,39.624742,-79.301480
21521,39.551371,-79.041477
21522,39.610243,-79.227753
21523,39.481331,-79.078510
21524,39.707625,-78.801406
21529,39.703942,-78.767171
21530,39.679640,-78.546122
21531,39.643087,-79.428015
21532,39.649077,-78.984732
21536,39.656960,-79.165566
21538,39.409932,-79.224290
21539,39.560372,-78.949676
21540,39.478153,-79.062454
21541,39.542071,-79.380229
21542,39.596095,-78.949987
21543,39.656421,-78.960649
21545,39.704066,-78.854521
21550,39.389381,-79.390745
21555,39.575204,-78.562497
21557,39.536233,-78.922790
21561,39.491571,-79.194401
21562,39.513963,-79.040514
21601,38.793650,-76.081602
21607,39.132714,-75.854207
21610,39.367115,-76.072497
21612,38.751513,-76.275426
21613,38.502789,-76.078875
21617,39.049357,-76.044545
21619,38.943493,-76.266164
21620,39.200177,-76.097912
21622,38.414465,-76.159253
21623,39.124035,-75.966748
21624,38.844673,-76.269891
21625,38.873205,-75.996027
21626,38.341359,-76.098361
21627,38.233029,-76.046342
21628,39.233174,-75.922050
21629,38.858672,-75.825079
21631,38.582391,-75.938981
21632,38.731398,-75.772428
21634,38.292164,-76.199153
21635,39.334791,-75.846625
21636,39.025292,-75.802806
21638,38.940201,-76.207604
21639,38.958728,-75.782496
21640,39.068141,-75.820948
21641,38.917919,-75.940213
21643,38.645582,-75.869896
21644,39.112428,-75.873521
21645,39.315819,-75.956165
21647,38.812385,-76.283079
21648,38.485356,-76.239330
21649,39.132893,-75.770684
21650,39.314376,-75.817023
21651,39.256085,-75.851523
21652,38.703188,-76.274135
21653,38.750464,-76.179733
21654,38.688756,-76.127833
21655,38.744968,-75.912768
21657,38.968814,-75.986140
21658,38.945549,-76.143240
21659,38.589881,-75.767427
21660,38.955750,-75.890107
21661,39.096121,-76.219488
21662,38.710588,-76.208346
21663,38.788286,-76.228656
21664,38.607081,-75.944694
21665,38.751800,-76.332597
21666,38.940139,-76.335790
21667,39.350621,-76.042108
21668,39.191191,-75.853000
21669,38.460081,-76.285161
21671,38.695574,-76.335128
21672,38.271699,-76.052704
21673,38.642285,-76.043492
21675,38.288979,-76.089600
21676,38.773206,-76.353189
21677,38.472182,-76.173844
21678,39.313279,-76.112300
21679,38.920478,-76.094115
21701,39.443557,-77.332934
21702,39.479136,-77.442989
21703,39.367031,-77.473482
21704,39.354881,-77.375900
21705,39.408860,-77.410008
21710,39.307996,-77.432009
21711,39.668396,-78.019569
21713,39.529683,-77.675671
21714,39.419295,-77.504419
21716,39.314453,-77.620019
21717,39.338668,-77.437040
21718,39.393497,-77.627788
21719,39.707956,-77.494228
21722,39.662050,-77.919911
21723,39.329107,-77.002611
21727,39.688620,-77.329249
21733,39.549303,-77.758487
21734,39.607817,-77.707835
21737,39.248260,-77.027125
21738,39.279844,-77.026706
21740,39.631901,-77.743885
21742,39.678219,-77.652720
21746,39.565064,-77.711467
21750,39.662262,-78.235975
21754,39.332115,-77.316212
21755,39.359655,-77.568128
21756,39.462722,-77.704030
21757,39.593861,-77.258139
21758,39.353205,-77.656813
21762,39.480830,-77.247089
21766,39.670471,-78.387890
21767,39.697132,-77.747473
21769,39.442449,-77.568921
21770,39.350189,-77.256240
21771,39.394652,-77.163984
21773,39.542655,-77.551543
21774,39.410304,-77.268909
21776,39.517975,-77.099688
21777,39.271310,-77.519376
21778,39.615806,-77.328421
21779,39.426819,-77.651635
21780,39.677417,-77.465582
21781,39.571073,-77.759648
21782,39.456826,-77.762369
21783,39.651841,-77.553573
21784,39.401084,-76.973736
21787,39.677630,-77.172591
21788,39.589979,-77.413861
21790,39.260865,-77.484901
21791,39.532345,-77.189197
21793,39.493618,-77.344122
21794,39.298422,-76.966129
21795,39.580609,-77.823698
21797,39.328183,-77.071411
21798,39.536366,-77.302027
21801,38.382300,-75.639576
21802,38.344771,-75.582696
21804,38.314082,-75.532106
21810,38.299722,-75.707114
21811,38.318877,-75.216741
21813,38.424217,-75.155464
21814,38.293076,-75.899296
21817,37.981025,-75.836069
21821,38.164595,-75.916660
21822,38.280813,-75.636084
21824,37.980774,-76.036546
21826,38.316950,-75.626463
21829,38.097659,-75.371456
21830,38.402166,-75.737946
21835,38.531887,-75.948459
21837,38.454582,-75.766301
21838,38.017906,-75.737920
21840,38.248736,-75.900009
21841,38.246944,-75.295806
21842,38.350536,-75.128880
21849,38.377348,-75.462118
21850,38.361731,-75.397078
21851,38.079869,-75.542444
21853,38.203540,-75.720887
21856,38.330729,-75.794885
21861,38.536434,-75.727324
21862,38.398054,-75.226142
21863,38.187913,-75.399041
21864,38.031572,-75.405812
21865,38.287338,-75.841179
21866,37.967128,-76.021365
21867,38.109665,-75.793678
21869,38.438227,-75.896268
21871,38.093785,-75.735688
21872,38.415130,-75.299260
21874,38.391283,-75.351965
21875,38.439999,-75.544695
21890,38.157317,-75.704343
21901,39.585407,-75.958955
21902,39.551971,-76.063147
21903,39.573438,-76.039062
21904,39.615477,-76.067960
21911,39.695244,-76.032660
21912,39.419414,-75.818631
21913,39.404599,-75.867957
21914,39.572339,-75.978486
21915,39.496147,-75.848168
21916,39.641288,-75.861562
21917,39.671632,-76.097397
21918,39.678193,-76.175883
21919,39.418555,-75.933718
21920,39.657498,-75.828326
21921,39.627145,-75.859891
21930,39.375660,-75.887993
22003,38.829817,-77.215318
22015,38.787814,-77.278973
22025,38.597728,-77.339458
22026,38.560041,-77.296214
22027,38.894844,-77.223065
22030,38.837138,-77.340466
22031,38.858916,-77.260258
22032,38.819046,-77.290301
22033,38.875218,-77.384713
22035,38.854782,-77.356919
22039,38.755963,-77.314172
22041,38.849321,-77.141472
22042,38.865024,-77.197125
22043,38.900858,-77.195880
22044,38.862044,-77.154372
22046,38.886334,-77.180975
22060,38.693440,-77.153084
22066,39.012386,-77.301969
22079,38.674606,-77.209739
22101,38.940203,-77.164882
22102,38.950950,-77.229544
22124,38.895480,-77.331607
22125,38.681862,-77.262490
22134,38.521689,-77.385058
22150,38.772863,-77.186523
22151,38.804093,-77.207804
22152,38.774493,-77.232029
22153,38.744969,-77.235640
22172,38.565029,-77.370407
22180,38.895439,-77.256133
22181,38.906651,-77.293388
22182,38.938421,-77.275520
22185,38.874605,-77.304029
22191,38.622914,-77.262938
22192,38.683699,-77.314673
22193,38.644195,-77.352000
22201,38.886565,-77.095231
22202,38.856868,-77.051492
22203,38.873718,-77.117325
22204,38.860791,-77.098972
22205,38.883501,-77.139537
22206,38.843917,-77.089408
22207,38.906665,-77.124238
22209,38.895023,-77.075464
22211,38.880110,-77.070778
22213,38.895078,-77.162521
22214,38.868818,-77.073967
22301,38.819895,-77.059577
22302,38.827888,-77.083132
22303,38.794380,-77.078837
22304,38.813169,-77.112139
22305,38.836463,-77.062098
22306,38.755738,-77.097779
22307,38.771982,-77.057273
22308,38.733509,-77.061076
22309,38.720336,-77.106155
22310,38.783717,-77.122678
22311,38.833620,-77.125462
22312,38.815789,-77.154271
22314,38.806853,-77.056374
22315,38.758337,-77.151192
22401,38.299272,-77.486658
22405,38.313604,-77.403928
22406,38.399767,-77.547310
22407,38.283474,-77.575684
22408,38.220271,-77.443653
22427,38.093146,-77.271122
22432,37.869524,-76.342347
22433,38.367057,-77.859386
22435,37.966791,-76.572106
22436,38.084168,-77.117456
22437,37.786258,-76.803286
22438,38.041022,-76.980741
22443,38.169514,-76.986805
22448,38.336332,-77.028442
22454,37.844032,-76.833646
22460,37.869283,-76.607359
22469,38.082265,-76.650303
22473,37.887476,-76.420749
22476,38.051098,-77.072623
22480,37.662518,-76.412256
22482,37.735631,-76.346113
22485,38.277049,-77.162769
22488,38.049455,-76.587481
22503,37.750474,-76.515326
22504,37.768923,-76.720680
22508,38.313187,-77.798472
22509,38.120518,-77.079949
22511,37.991033,-76.504028
22514,38.008001,-77.329380
22520,38.121783,-76.803458
22529,38.011551,-76.689548
22530,37.897826,-76.293047
22534,38.073124,-77.696093
22535,38.149441,-77.167043
22538,38.192209,-77.262187
22539,37.860613,-76.286036
22542,38.293517,-77.880863
22546,37.942668,-77.448666
22548,37.815803,-76.704785
22551,38.169838,-77.700023
22553,38.271202,-77.649295
22554,38.427352,-77.367672
22556,38.468925,-77.515244
22560,37.915850,-76.961086
22567,38.237857,-77.927575
22572,37.965301,-76.771067
22576,37.671046,-76.455700
22578,37.636571,-76.356134
22579,37.795598,-76.314938
22580,38.109182,-77.445683
22601,39.174468,-78.173406
22602,39.144249,-78.284807
22603,39.269354,-78.213270
22610,38.824656,-78.279142
22611,39.168882,-77.984613
22620,39.068186,-78.032279
22623,38.848927,-78.140663
22624,39.269784,-78.091841
22625,39.376805,-78.309326
22627,38.757956,-78.144591
22630,38.930914,-78.176480
22637,39.256917,-78.352305
22639,38.813779,-78.019064
22640,38.811028,-78.140570
22641,39.085460,-78.385706
22642,38.947014,-78.012038
22643,38.885381,-77.983512
22644,38.949772,-78.486478
22645,39.019181,-78.274706
22646,39.072518,-78.050929
22650,38.765084,-78.364632
22652,38.840091,-78.431748
22654,38.988131,-78.572400
22655,39.068396,-78.209608
22656,39.219255,-78.089345
22657,39.002622,-78.376111
22660,38.944124,-78.431478
22663,39.052545,-78.112320
22664,38.888919,-78.532453
22701,38.438777,-77.996261
22709,38.328731,-78.213737
22711,38.467129,-78.274979
22712,38.564008,-77.757247
22713,38.560716,-78.118816
22714,38.519671,-77.895419
22715,38.413954,-78.184695
22716,38.629990,-78.103016
22718,38.477181,-77.827460
22719,38.534889,-78.281252
22720,38.474956,-77.644107
22722,38.466262,-78.227068
22723,38.334605,-78.380361
22724,38.614645,-77.893981
22726,38.398200,-77.816535
22727,38.407594,-78.295292
22728,38.596544,-77.675693
22729,38.374194,-78.017758
22730,38.374423,-78.158460
22731,38.336564,-78.257331
22732,38.314630,-78.189884
22733,38.333260,-78.046145
22734,38.526180,-77.794566
22735,38.476865,-78.174258
22736,38.398165,-77.704567
22737,38.580891,-78.014120
22738,38.293931,-78.280931
22740,38.645690,-78.286953
22741,38.426443,-77.868389
22742,38.466332,-77.715072
22743,38.539276,-78.380917
22747,38.709056,-78.165674
22749,38.619655,-78.180235
22801,38.403645,-78.875125
22802,38.494378,-78.863123
22807,38.433970,-78.867870
22810,38.827091,-78.796534
22811,38.811567,-78.991571
22812,38.378179,-79.027051
22815,38.712509,-78.841209
22820,38.704836,-79.019048
22821,38.480717,-79.128767
22824,38.836074,-78.631822
22827,38.410719,-78.596414
22830,38.667260,-78.975031
22831,38.576502,-79.076242
22832,38.454916,-78.759702
22834,38.559256,-78.860046
22835,38.669963,-78.453689
22840,38.425391,-78.722862
22841,38.341793,-78.892489
22842,38.778048,-78.699661
22843,38.387148,-79.142634
22844,38.655841,-78.661856
22845,38.786332,-78.816400
22846,38.394090,-78.794326
22847,38.730637,-78.717385
22849,38.525324,-78.629627
22850,38.559676,-78.924344
22851,38.563053,-78.512907
22853,38.651705,-78.758708
22901,38.087705,-78.552744
22902,37.910276,-78.522120
22903,38.006972,-78.595060
22904,38.031957,-78.524030
22911,38.097005,-78.410147
22920,37.968790,-78.805505
22922,37.693701,-78.921765
22923,38.189313,-78.316680
22931,37.898904,-78.727442
22932,38.147507,-78.696458
22935,38.253952,-78.562665
22936,38.159998,-78.499128
22937,37.797229,-78.619207
22938,37.865862,-78.794527
22939,38.105779,-78.974031
22940,38.159742,-78.556161
22942,38.101443,-78.202129
22943,38.040171,-78.778343
22946,37.858585,-78.571382
22947,38.043989,-78.324721
22948,38.363165,-78.128968
22949,37.789079,-78.883440
22952,37.963562,-78.962741
22958,37.892769,-78.894292
22959,37.937275,-78.656588
22960,38.219183,-78.072698
22963,37.848104,-78.305112
22964,37.711767,-78.975773
22967,37.797305,-79.014082
22968,38.240602,-78.400888
22969,37.797482,-78.693383
22971,37.745121,-78.793177
22972,38.215776,-78.230285
22973,38.335923,-78.479002
22974,37.972582,-78.284455
22976,37.812764,-79.056685
22980,38.099858,-78.880549
22989,38.288665,-78.131074
23002,37.351060,-77.967875
23004,37.688288,-78.399202
23005,37.759696,-77.481870
23009,37.820938,-77.181166
23011,37.477354,-76.812450
23015,37.929812,-77.626248
23021,37.389948,-76.373522
23022,37.731004,-78.263155
23023,37.768949,-76.963741
23024,37.927752,-77.779274
23025,37.415160,-76.362416
23027,37.646476,-78.130174
23030,37.345958,-77.055314
23032,37.655782,-76.669215
23035,37.489338,-76.390866
23038,37.753464,-78.148789
23039,37.656565,-77.812465
23040,37.501353,-78.251825
23043,37.562083,-76.350276
23045,37.425348,-76.268808
23047,37.843384,-77.473917
23050,37.497896,-76.426349
23055,37.768214,-78.217011
23056,37.356480,-76.362611
23059,37.702234,-77.574005
23060,37.656153,-77.537783
23061,37.427731,-76.537584
23062,37.262931,-76.507489
23063,37.712553,-78.006130
23064,37.496862,-76.299383
23065,37.805959,-77.932428
23066,37.495638,-76.286580
23068,37.500686,-76.335139
23069,37.771537,-77.322377
23070,37.552199,-76.388985
23071,37.545428,-76.448594
23072,37.290444,-76.447790
23075,37.557876,-77.313140
23076,37.478376,-76.300342
23079,37.716884,-76.674740
23083,37.308039,-78.117329
23084,37.884931,-78.115047
23085,37.715457,-76.831989
23086,37.668573,-77.054414
23089,37.455774,-76.903521
23091,37.650958,-76.799018
23092,37.606769,-76.514748
23093,38.004167,-78.040057
23102,37.708120,-77.828653
23103,37.648034,-77.723640
23106,37.716107,-77.201511
23108,37.644741,-76.734614
23109,37.432747,-76.332511
23110,37.582820,-76.771108
23111,37.613551,-77.243019
23112,37.433405,-77.662862
23113,37.538846,-77.679628
23114,37.482226,-77.659771
23115,37.810985,-76.914535
23116,37.675656,-77.336689
23117,37.982002,-77.873977
23119,37.448174,-76.277178
23120,37.422080,-77.781370
23123,37.651834,-78.301142
23124,37.550924,-77.043956
23125,37.327127,-76.280830
23126,37.923461,-77.144316
23128,37.436067,-76.432958
23129,37.681630,-77.770420
23130,37.387286,-76.259439
23138,37.342651,-76.304324
23139,37.545988,-77.936728
23140,37.435013,-77.038311
23141,37.528690,-77.156144
23146,37.731490,-77.704529
23148,37.846428,-77.054640
23149,37.575671,-76.609283
23150,37.501141,-77.252581
23153,37.770805,-77.947259
23156,37.521141,-76.706618
23160,37.628163,-77.845916
23161,37.715706,-76.935229
23163,37.357691,-76.309595
23168,37.395757,-76.825110
23169,37.603463,-76.457221
23173,37.577676,-77.536969
23175,37.654869,-76.624357
23176,37.572901,-76.414965
23177,37.755009,-77.014493
23180,37.702428,-76.615265
23181,37.597491,-76.889060
23185,37.228498,-76.718509
23187,37.268856,-76.720941
23188,37.342927,-76.763835
23192,37.820363,-77.680814
23219,37.539769,-77.435528
23220,37.549349,-77.460606
23221,37.553306,-77.493558
23222,37.582968,-77.418907
23223,37.557767,-77.378886
23224,37.497603,-77.467429
23225,37.518624,-77.512937
23226,37.579912,-77.523347
23227,37.611292,-77.438188
23228,37.626617,-77.492834
23229,37.586772,-77.574165
23230,37.586639,-77.489122
23231,37.442204,-77.314931
23233,37.646431,-77.624235
23234,37.451423,-77.470660
23235,37.514570,-77.564758
23236,37.475810,-77.585285
23237,37.400878,-77.449054
23238,37.595612,-77.647606
23250,37.504783,-77.320899
23294,37.631281,-77.542534
23301,37.681259,-75.633464
23302,37.865670,-75.520915
23303,37.911355,-75.504972
23304,36.996135,-76.572107
23306,37.561070,-75.872026
23307,37.432039,-75.871157
23308,37.838625,-75.660124
23310,37.258993,-75.963657
23313,37.199730,-75.945635
23314,36.958955,-76.524465
23315,36.737390,-76.840511
23316,37.303123,-75.992964
23320,36.751734,-76.217637
23321,36.800209,-76.420759
23322,36.618712,-76.227046
23323,36.696963,-76.379928
23324,36.799721,-76.273447
23325,36.814548,-76.238429
23336,37.954605,-75.334522
23337,37.930411,-75.486091
23347,37.339243,-75.978024
23350,37.512704,-75.862593
23354,37.462861,-75.912247
23356,37.990790,-75.382404
23357,37.755646,-75.676028
23358,37.652659,-75.867953
23359,37.884947,-75.587982
23389,37.660513,-75.834778
23395,37.976304,-75.460590
23398,37.516128,-75.944072
23401,37.627492,-75.779396
23405,37.411724,-75.926597
23407,37.840957,-75.578774
23408,37.452913,-75.843474
23409,37.887621,-75.662907
23410,37.637840,-75.736904
23413,37.472853,-75.857763
23414,37.806814,-75.579897
23415,37.969553,-75.534703
23416,37.933768,-75.563351
23417,37.759052,-75.783815
23418,37.666867,-75.687163
23420,37.599070,-75.817482
23421,37.764780,-75.611768
23422,37.635389,-75.822735
23423,37.525301,-75.714310
23426,37.924102,-75.689541
23427,37.938929,-75.720538
23430,37.001261,-76.655932
23432,36.876452,-76.553978
23433,36.918069,-76.462863
23434,36.703003,-76.592105
23435,36.838420,-76.480264
23436,36.893751,-76.506926
23437,36.627115,-76.803197
23438,36.581413,-76.696875
23440,37.829055,-75.984124
23441,37.710268,-75.699685
23442,37.904756,-75.575437
23451,36.865027,-76.006188
23452,36.845756,-76.092807
23453,36.783649,-76.071784
23454,36.818062,-76.030835
23455,36.892997,-76.147108
23456,36.736543,-76.035469
23457,36.612747,-76.024139
23459,36.924881,-76.019230
23460,36.807977,-76.028412
23461,36.775402,-75.963250
23462,36.837313,-76.150514
23464,36.797023,-76.187680
23480,37.618711,-75.690711
23486,37.513168,-75.813784
23487,36.847368,-76.725048
23488,37.947613,-75.598459
23502,36.860941,-76.204908
23503,36.948787,-76.266459
23504,36.857302,-76.265612
23505,36.914369,-76.289405
23507,36.864564,-76.303218
23508,36.884888,-76.310270
23509,36.882397,-76.263969
23510,36.852122,-76.291682
23511,36.912232,-76.325805
23513,36.889916,-76.238602
23517,36.869679,-76.292569
23518,36.916118,-76.215375
23523,36.832389,-76.272082
23551,36.924048,-76.288625
23601,37.038265,-76.480498
23602,37.113416,-76.517947
23603,37.191057,-76.564535
23604,37.105026,-76.574793
23605,37.017949,-76.435781
23606,37.064408,-76.521638
23607,36.971747,-76.424372
23608,37.147813,-76.543036
23651,37.007817,-76.304306
23661,37.009301,-76.386177
23662,37.133319,-76.353027
23663,37.031007,-76.315244
23664,37.078374,-76.289825
23665,37.084498,-76.365498
23666,37.058141,-76.406646
23669,37.050277,-76.342873
23690,37.222401,-76.517104
23691,37.255253,-76.549418
23692,37.192438,-76.463582
23693,37.123066,-76.447129
23696,37.189119,-76.421079
23701,36.812940,-76.371005
23702,36.799047,-76.328977
23703,36.893339,-76.373292
23704,36.824187,-76.310161
23707,36.842301,-76.339628
23708,36.849529,-76.305158
23709,36.812752,-76.305458
23801,37.235551,-77.335396
23803,37.209357,-77.497210
23805,37.138544,-77.403475
23806,37.238612,-77.418238
23821,36.883200,-77.912944
23824,37.085581,-77.972180
23827,36.612313,-77.196878
23828,36.580854,-77.266933
23829,36.732670,-77.217351
23830,37.016961,-77.395057
23831,37.346253,-77.450566
23832,37.387850,-77.592108
23833,37.209429,-77.668917
23834,37.290584,-77.404112
23836,37.345226,-77.346743
23837,36.749583,-77.084152
23838,37.319210,-77.633166
23839,37.079815,-76.920618
23840,37.065325,-77.666008
23841,37.048042,-77.543937
23842,37.131685,-77.221949
23843,36.845150,-77.822447
23844,36.680032,-77.326525
23845,36.578823,-77.977561
23846,37.066603,-76.834020
23847,36.670258,-77.550253
23850,37.220129,-77.765249
23851,36.655848,-76.950841
23856,36.784009,-77.702347
23857,36.584651,-77.883799
23860,37.274749,-77.227407
23866,36.923676,-76.862401
23867,36.816602,-77.481624
23868,36.722009,-77.817381
23872,36.989430,-77.720290
23874,36.608956,-77.085713
23875,37.221381,-77.270464
23876,36.955753,-77.833610
23878,36.824772,-77.025432
23879,36.592274,-77.596837
23881,37.180741,-76.977829
23882,36.926173,-77.421687
23883,37.135962,-76.735892
23884,36.917234,-77.279442
23885,37.190287,-77.572659
23887,36.573362,-77.816917
23888,36.949958,-76.975042
23889,36.902933,-77.747246
23890,37.009176,-77.118319
23891,37.050821,-77.212429
23893,36.644073,-77.920776
23894,37.122207,-77.820822
23897,36.829008,-77.283615
23898,36.838263,-76.861870
23899,37.234417,-76.974083
23901,37.320924,-78.420892
23909,37.300584,-78.396639
23915,36.693140,-78.287418
23917,36.625554,-78.344856
23919,36.593409,-78.131154
23920,36.724517,-77.975253
23921,37.586321,-78.623535
23922,37.185512,-78.216385
23923,37.087148,-78.649692
23924,36.806576,-78.422030
23927,36.587497,-78.564584
23930,37.171003,-78.099611
23934,37.177152,-78.626705
23936,37.532518,-78.479244
23937,36.945141,-78.512503
23938,36.905314,-77.992026
23942,37.134366,-78.289196
23943,37.245457,-78.454144
23944,36.915939,-78.138611
23947,37.031087,-78.444724
23950,36.658762,-78.075874
23952,36.928703,-78.298588
23954,37.106333,-78.380108
23958,37.264893,-78.659633
23959,37.105192,-78.794749
23960,37.320962,-78.552064
23962,37.004656,-78.739335
23963,37.200954,-78.798556
23964,36.772427,-78.627089
23966,37.300262,-78.259116
23967,36.913125,-78.636604
23968,36.725263,-78.528509
23970,36.750501,-78.190761
23974,36.970455,-78.255276
23976,36.844428,-78.585307
24011,37.270850,-79.941490
24012,37.310426,-79.903054
24013,37.266503,-79.923095
24014,37.222860,-79.915191
24015,37.256760,-79.981330
24016,37.273437,-79.954687
24017,37.297643,-79.990971
24018,37.213055,-80.041739
24019,37.346523,-79.953580
24020,37.358216,-79.944179
24053,36.607227,-80.534076
24054,36.668892,-79.705426
24055,36.756169,-79.997554
24058,37.176663,-80.622252
24059,37.163726,-80.130484
24060,37.255474,-80.422539
24064,37.376305,-79.770380
24065,37.117040,-79.997325
24066,37.537053,-79.681003
24067,37.031804,-80.059897
24069,36.576886,-79.642566
24070,37.356114,-80.225834
24072,37.041990,-80.242381
24073,37.132347,-80.424783
24076,36.605192,-80.421039
24077,37.366211,-79.904022
24078,36.721170,-79.899591
24079,37.056632,-80.160939
24082,36.620086,-80.116523
24083,37.405171,-79.920188
24084,37.127959,-80.845882
24085,37.679371,-79.821548
24086,37.275580,-80.632246
24087,37.214011,-80.256774
24088,36.887904,-80.077927
24089,36.708518,-79.971555
24090,37.521699,-79.886553
24091,36.919948,-80.330525
24092,37.012031,-79.757851
24093,37.385177,-80.868752
24095,37.223210,-79.737268
24101,37.173555,-79.796387
24102,36.844404,-80.002271
24104,37.133611,-79.488635
24105,36.911577,-80.603687
24112,36.721170,-79.846927
24120,36.691636,-80.413917
24121,37.168916,-79.647411
24122,37.426197,-79.692130
24124,37.316320,-80.857538
24127,37.473603,-80.231051
24128,37.339994,-80.482544
24130,37.609758,-80.002393
24131,37.570649,-80.232870
24132,37.203776,-80.659247
24133,36.669705,-80.134421
24134,37.247923,-80.777561
24136,37.331794,-80.601598
24137,36.927552,-79.657504
24138,37.042837,-80.306411
24139,37.013166,-79.481073
24141,37.096142,-80.568655
24142,37.137882,-80.550906
24147,37.401494,-80.823621
24148,36.579801,-79.877967
24149,37.018582,-80.433581
24150,37.380708,-80.625557
24151,36.954022,-79.865200
24153,37.302506,-80.114325
24161,36.978085,-79.529113
24162,37.129449,-80.249715
24165,36.584884,-80.051921
24167,37.255259,-80.724536
24168,36.734753,-79.946456
24171,36.696637,-80.220827
24174,37.351716,-79.673095
24175,37.427996,-79.939687
24176,37.005545,-79.692495
24179,37.285565,-79.809835
24184,37.088543,-79.779243
24185,36.811592,-80.269238
24201,36.610715,-82.170050
24202,36.656310,-82.212219
24210,36.768935,-82.027531
24211,36.654088,-81.955070
24216,36.948303,-82.799398
24217,37.084846,-82.178538
24219,36.849443,-82.758491
24220,37.137298,-82.240182
24221,36.625323,-82.998722
24224,36.861431,-82.271754
24225,36.991715,-82.141851
24226,37.136897,-82.323000
24228,37.166751,-82.456233
24230,36.956532,-82.454034
24236,36.652361,-81.747640
24237,37.036159,-82.261943
24239,37.117685,-82.148524
24243,36.773058,-82.926020
24244,36.723868,-82.782184
24245,36.838011,-82.512802
24246,36.866585,-82.745568
24248,36.625358,-83.514584
24250,36.756733,-82.596526
24251,36.657167,-82.599488
24256,37.215901,-82.286740
24258,36.645372,-82.422038
24260,37.030751,-82.015022
24263,36.668226,-83.147399
24265,36.832516,-82.945708
24266,36.858754,-82.120965
24269,37.072767,-82.380682
24270,36.729615,-82.250664
24271,36.748739,-82.417259
24272,37.013892,-82.314775
24273,36.964701,-82.661480
24277,36.744851,-83.038438
24279,37.077698,-82.627403
24280,36.956077,-81.923315
24281,36.637323,-83.340226
24282,36.818761,-83.054310
24283,36.939807,-82.332961
24290,36.612701,-82.567940
24292,36.617691,-81.578136
24293,37.004345,-82.550814
24301,37.067710,-80.810743
24311,36.874202,-81.422004
24312,36.833014,-80.887021
24313,36.909535,-80.819941
24314,37.157244,-81.210414
24315,37.134578,-81.059321
24316,36.955705,-81.668988
24317,36.601166,-80.671347
24318,36.995958,-81.387124
24319,36.745188,-81.654976
24322,36.799014,-81.113662
24323,36.866254,-81.186396
24324,36.974112,-80.776478
24325,36.795414,-80.601603
24326,36.729845,-81.202199
24328,36.645356,-80.700836
24330,36.725798,-81.020688
24333,36.639975,-80.934776
24340,36.753252,-81.767904
24343,36.770411,-80.690913
24347,36.960871,-80.652471
24348,36.652229,-81.215324
24350,36.813319,-80.994209
24351,36.579431,-80.765127
24352,36.709011,-80.531193
24354,36.829354,-81.539710
24360,36.933276,-80.897565
24361,36.767265,-81.845258
24363,36.616630,-81.405048
24366,37.259482,-81.118583
24368,36.888029,-81.302492
24370,36.911415,-81.689789
24374,36.783760,-81.220305
24375,36.768944,-81.387144
24377,37.000269,-81.574692
24378,36.686691,-81.443367
24380,36.859701,-80.508764
24381,36.729989,-80.840655
24382,36.960016,-81.101367
24401,38.134387,-79.085564
24411,38.105128,-79.311238
24412,38.053722,-79.818136
24413,38.542448,-79.600291
24415,37.925000,-79.317053
24416,37.722497,-79.360864
24421,38.244653,-79.245141
24422,37.830403,-79.758834
24426,37.763523,-80.084876
24430,38.086959,-79.355799
24431,38.170011,-78.842838
24432,38.148060,-79.443355
24433,38.423609,-79.424285
24435,37.872640,-79.301938
24437,38.220807,-78.935476
24439,37.993806,-79.489306
24440,37.999256,-79.165483
24441,38.226067,-78.824873
24442,38.372530,-79.384617
24445,37.942029,-79.891806
24448,37.797110,-79.788524
24450,37.778993,-79.526578
24457,37.763632,-79.943078
24458,38.315747,-79.527472
24459,38.020846,-79.292305
24460,38.019880,-79.656459
24464,37.874972,-79.094071
24465,38.384565,-79.647758
24467,38.254994,-78.971328
24471,38.313210,-78.784180
24472,37.941157,-79.208568
24473,37.934749,-79.415358
24474,37.805612,-79.845530
24476,37.974466,-79.227361
24477,38.004878,-79.042232
24479,38.163944,-79.239044
24482,38.205935,-78.996676
24483,37.812333,-79.230553
24484,38.155192,-79.784830
24485,38.267603,-79.333024
24486,38.296885,-78.924533
24487,38.183650,-79.598206
24501,37.359733,-79.141286
24502,37.360401,-79.221579
24503,37.454015,-79.249736
24504,37.365249,-79.048192
24517,37.147516,-79.237160
24520,36.586589,-79.029748
24521,37.633294,-79.100863
24522,37.376791,-78.778773
24523,37.344838,-79.523884
24526,37.543273,-79.415935
24527,36.736768,-79.341721
24528,37.079686,-78.876229
24529,36.626619,-78.646754
24530,36.807067,-79.619501
24531,36.842621,-79.453781
24534,36.867415,-78.770512
24536,37.495689,-79.326532
24538,37.345197,-78.962372
24539,36.852900,-78.914718
24540,36.634506,-79.426751
24541,36.588822,-79.515100
24549,36.706660,-79.504475
24550,37.239630,-79.245397
24551,37.356256,-79.324598
24553,37.545504,-78.810010
24554,37.120037,-79.071614
24555,37.669829,-79.484088
24556,37.375825,-79.399305
24557,36.969859,-79.306424
24558,36.774341,-78.953963
24562,37.695426,-78.637777
24563,37.062500,-79.279115
24565,36.852720,-79.189501
24566,36.731828,-79.252639
24569,37.042552,-79.125855
24570,37.346460,-79.424457
24571,37.132961,-79.372748
24572,37.464909,-79.095265
24574,37.576150,-79.253367
24577,36.943958,-78.982770
24578,37.659875,-79.562274
24579,37.585803,-79.502698
24580,36.579054,-78.673121
24581,37.655216,-78.805765
24586,36.607044,-79.276609
24588,37.262151,-79.096232
24589,36.760808,-78.758047
24590,37.796421,-78.490289
24592,36.675795,-78.965555
24593,37.322564,-78.902758
24594,36.646843,-79.178528
24595,37.559559,-79.082716
24597,36.782411,-79.110858
24598,36.604670,-78.788004
24599,37.623562,-78.723890
24601,37.193732,-81.649243
24602,37.183213,-81.658510
24603,37.355386,-82.190109
24604,37.211983,-81.538089
24605,37.254178,-81.371211
24606,37.286313,-81.398771
24607,37.293533,-82.262524
24609,37.009601,-81.807791
24612,37.093350,-81.838141
24613,37.265157,-81.336881
24614,37.298652,-82.071085
24620,37.431334,-82.011704
24622,37.214674,-81.789853
24628,37.282353,-82.222958
24630,37.178327,-81.465545
24631,37.217266,-81.990694
24634,37.267813,-81.902722
24635,37.312617,-81.362936
24637,37.061082,-81.713894
24639,37.160378,-81.888205
24641,37.111816,-81.802451
24646,37.143346,-82.024578
24649,37.063005,-81.899474
24651,37.075529,-81.503095
24656,37.175055,-82.124994
24657,37.226515,-81.856782
24701,37.305951,-81.204941
24712,37.463059,-81.015010
24714,37.484469,-81.190073
24715,37.340392,-81.324618
24716,37.480042,-81.371826
24719,37.487167,-81.326725
24724,37.330881,-81.299757
24726,37.514751,-81.352074
24729,37.449867,-81.260010
24731,37.397966,-81.151064
24733,37.450768,-81.205194
24736,37.444189,-81.277400
24737,37.352245,-81.249309
24738,37.302041,-81.309700
24740,37.373474,-81.005001
24747,37.378752,-81.299696
24801,37.448883,-81.576989
24808,37.330026,-81.422403
24811,37.399166,-81.771251
24813,37.357412,-81.720113
24815,37.241667,-81.659603
24816,37.461102,-81.705939
24817,37.352268,-81.804780
24818,37.602702,-81.624946
24822,37.647094,-81.697294
24823,37.671970,-81.751948
24826,37.293267,-81.623592
24827,37.753270,-81.641480
24828,37.498900,-81.636635
24830,37.323125,-81.506122
24831,37.394105,-81.411521
24834,37.547689,-81.630566
24836,37.333874,-81.558620
24839,37.560676,-81.738389
24843,37.487144,-81.710100
24844,37.462452,-81.806627
24845,37.517953,-81.817841
24846,37.529522,-81.912860
24847,37.577109,-81.418416
24848,37.303745,-81.460677
24849,37.665763,-81.542748
24850,37.320970,-81.850505
24851,37.601371,-81.833685
24853,37.435447,-81.511823
24854,37.736493,-81.572685
24857,37.672510,-81.660302
24860,37.660170,-81.607608
24861,37.350951,-81.363130
24862,37.469177,-81.964569
24866,37.248133,-81.580323
24867,37.595764,-81.444714
24868,37.438450,-81.389063
24869,37.562684,-81.838107
24870,37.765445,-81.510219
24871,37.359301,-81.468304
24872,37.449369,-81.920479
24873,37.366148,-81.878193
24874,37.542528,-81.555341
24878,37.439308,-81.625265
24879,37.313896,-81.758686
24880,37.651410,-81.530693
24881,37.431342,-81.684596
24882,37.625597,-81.766000
24884,37.230470,-81.604088
24887,37.373345,-81.404173
24888,37.392804,-81.483252
24892,37.326940,-81.687785
24894,37.274965,-81.713671
24898,37.593853,-81.610128
24901,37.855406,-80.451557
24910,37.750526,-80.648133
24915,38.465457,-79.777170
24916,37.828599,-80.581103
24918,37.522173,-80.745310
24920,38.580079,-79.704212
24924,38.201314,-80.164890
24925,37.714707,-80.376437
24927,38.375187,-79.957107
24931,37.919011,-80.588601
24934,38.333579,-79.891016
24935,37.566530,-80.808493
24938,37.893492,-80.387188
24941,37.588011,-80.346704
24944,38.389627,-79.783657
24945,37.541978,-80.677193
24946,38.184420,-80.262312
24951,37.484254,-80.643612
24954,38.224907,-80.056049
24957,37.885394,-80.425002
24962,37.662404,-80.718357
24963,37.436413,-80.758492
24966,38.078505,-80.362598
24970,37.728072,-80.474482
24974,37.641768,-80.448356
24976,37.656964,-80.511709
24977,37.897155,-80.687105
24981,37.629807,-80.735884
24983,37.574990,-80.518586
24984,37.493530,-80.405020
24986,37.921086,-80.145726
24991,38.021577,-80.497448
25002,38.135764,-81.241730
25003,38.252558,-81.784866
25005,38.583444,-81.256426
25007,37.824840,-81.430458
25008,37.947061,-81.343970
25009,38.202305,-81.684573
25011,38.508579,-81.839417
25015,38.246134,-81.497258
25019,38.371626,-81.068876
25021,37.922107,-81.679778
25022,37.860342,-81.819040
25024,38.159082,-81.623721
25025,38.314690,-81.411393
25028,37.947147,-81.725572
25030,38.453317,-81.225847
25031,38.148617,-81.275148
25033,38.612061,-81.924382
25035,38.165242,-81.521007
25036,38.214746,-81.258404
25039,38.234956,-81.363266
25040,38.126501,-81.235109
25043,38.425757,-81.003154
25044,37.911676,-81.368705
25045,38.447483,-81.329322
25047,37.920527,-81.767625
25048,37.945828,-81.437333
25049,38.115286,-81.558257
25051,38.156947,-81.709791
25053,38.036736,-81.878922
25054,38.110531,-81.488490
25057,38.120375,-81.253436
25059,38.220237,-81.202847
25060,37.944540,-81.427325
25061,38.174502,-81.439839
25062,37.880313,-81.432653
25063,38.570368,-80.929492
25064,38.377043,-81.749626
25067,38.201538,-81.442935
25070,38.545843,-81.931687
25071,38.462464,-81.466833
25075,38.060218,-81.405213
25076,37.868612,-81.930987
25081,38.075052,-81.754659
25082,38.604207,-82.031043
25083,38.069889,-81.367758
25085,38.172682,-81.205480
25086,38.203982,-81.417350
25088,38.398602,-81.208823
25090,38.155129,-81.221003
25093,37.983110,-81.669642
25102,38.191015,-81.374818
25103,38.180757,-81.381089
25106,38.790572,-82.100288
25107,38.229749,-81.621635
25108,37.973583,-81.881188
25109,38.526763,-81.851908
25110,38.218430,-81.314979
25111,38.352883,-81.128837
25112,38.380263,-81.767141
25113,38.553281,-81.046284
25114,37.987318,-81.786336
25115,38.122192,-81.182251
25118,38.111660,-81.305965
25119,38.041356,-81.276239
25121,37.916211,-81.897277
25123,38.730175,-81.900044
25124,38.622490,-81.778935
25125,38.311679,-81.215230
25126,38.202733,-81.372678
25130,38.032999,-81.752251
25132,38.293532,-81.344598
25133,38.477116,-81.145106
25134,38.162830,-81.490556
25136,38.150173,-81.327319
25139,38.137583,-81.291458
25140,37.839893,-81.498515
25141,38.626886,-81.025349
25142,38.153554,-81.729882
25143,38.417874,-81.819479
25148,38.045589,-81.561730
25149,37.949155,-81.771997
25152,38.058191,-81.250675
25154,38.120576,-81.713325
25156,38.183259,-81.336855
25159,38.523611,-81.788899
25160,38.282203,-81.272662
25161,38.052784,-81.318726
25162,38.207558,-81.387342
25164,38.509184,-81.204946
25165,38.146044,-81.649422
25168,38.560349,-81.879850
25169,38.175825,-81.789840
25173,38.091155,-81.229776
25174,37.865660,-81.410962
25177,38.367284,-81.848331
25180,37.790262,-81.436271
25181,38.049290,-81.641200
25183,37.914012,-81.790074
25185,38.235187,-81.238016
25186,38.182372,-81.271197
25187,38.724539,-82.029452
25193,38.035460,-81.507099
25201,38.335613,-81.490465
25202,38.316375,-81.859088
25203,38.015993,-81.882308
25204,37.925321,-81.614560
25205,38.019487,-81.793006
25206,37.997807,-81.695777
25208,37.836513,-81.639765
25209,37.952988,-81.519912
25211,38.468690,-80.888411
25213,38.512666,-81.913305
25214,38.187702,-81.538244
25234,38.811456,-81.138257
25235,38.669527,-81.089500
25239,38.838660,-81.846681
25241,38.787975,-81.810031
25243,38.686717,-81.479468
25244,38.767566,-81.550872
25245,38.697420,-81.755385
25247,39.005944,-82.006294
25248,38.644268,-81.613862
25251,38.620525,-81.236323
25252,38.950961,-81.511175
25253,38.921064,-81.961490
25259,38.673526,-81.251761
25260,39.003788,-82.031958
25261,38.821662,-81.080487
25262,38.907802,-81.826041
25264,38.859864,-81.893884
25265,38.986622,-81.957737
25266,38.605981,-81.162323
25267,38.833599,-80.940901
25268,38.725084,-81.076202
25270,38.864758,-81.424903
25271,38.788510,-81.692539
25275,38.921509,-81.610584
25276,38.782080,-81.328691
25285,38.539656,-81.101556
25286,38.615199,-81.407985
25287,38.954715,-82.051426
25301,38.350719,-81.630359
25302,38.393184,-81.595470
25303,38.359561,-81.686130
25304,38.306056,-81.593194
25305,38.337629,-81.612742
25306,38.312522,-81.499429
25309,38.308648,-81.749531
25311,38.366863,-81.557035
25312,38.448403,-81.659346
25313,38.419303,-81.766456
25314,38.308083,-81.640254
25315,38.222276,-81.560330
25320,38.539851,-81.633191
25401,39.457153,-77.972619
25403,39.474850,-78.011639
25404,39.483025,-77.890325
25405,39.409184,-77.961535
25411,39.548748,-78.221470
25413,39.310588,-78.055948
25414,39.242415,-77.865749
25419,39.575796,-77.895710
25420,39.381565,-78.115041
25422,39.544988,-78.354289
25425,39.306168,-77.773612
25427,39.534237,-78.066125
25428,39.380635,-78.022210
25430,39.327184,-77.937913
25431,39.483762,-78.574312
25432,39.305755,-77.784290
25434,39.439723,-78.461110
25437,39.427797,-78.570489
25438,39.323441,-77.864008
25442,39.370198,-77.832595
25443,39.443745,-77.817226
25444,39.412854,-78.523889
25446,39.241588,-77.953405
25501,38.153876,-81.969643
25502,38.656399,-82.117158
25503,38.612591,-82.120957
25504,38.376421,-82.270009
25505,38.012295,-82.031190
25506,38.204720,-82.187020
25507,38.395279,-82.563009
25508,37.963940,-82.021969
25510,38.382304,-82.082946
25511,38.051218,-82.335030
25512,38.184728,-82.327278
25514,38.100260,-82.528704
25515,38.756623,-82.146875
25517,38.108275,-82.443166
25520,38.561148,-82.182864
25521,38.219782,-81.999378
25523,38.278729,-82.049132
25524,38.021624,-82.117351
25526,38.394443,-81.991309
25529,38.152577,-81.846879
25530,38.358380,-82.576854
25534,38.084433,-82.274956
25535,38.308557,-82.434852
25537,38.533383,-82.281971
25540,38.182609,-82.156471
25541,38.480587,-82.130164
25545,38.458992,-82.217439
25547,37.916034,-81.965478
25550,38.863326,-82.067437
25555,38.213877,-82.549652
25557,38.105832,-82.171951
25559,38.324948,-82.229139
25560,38.445189,-81.899312
25564,38.272188,-81.901012
25565,38.102343,-81.964488
25567,38.215954,-81.870097
25570,38.218917,-82.425284
25571,38.313493,-82.155813
25573,38.232180,-81.941115
25601,37.862732,-82.009247
25606,37.764974,-81.819803
25607,37.784917,-81.784145
25608,37.574102,-81.889362
25611,37.688915,-81.840825
25617,37.721101,-81.778320
25621,37.626932,-81.941828
25624,37.900691,-81.981776
25625,37.819360,-82.081236
25628,37.768114,-81.862466
25630,37.788222,-81.691063
25632,37.729709,-81.924055
25634,37.735864,-81.840590
25635,37.707103,-81.885979
25637,37.861773,-82.029479
25638,37.758843,-81.990584
25639,37.881353,-81.958345
25644,37.704742,-82.022096
25646,37.847286,-81.883987
25647,37.786810,-81.984432
25649,37.875404,-82.093080
25650,37.670367,-81.819109
25651,37.601637,-81.987573
25652,37.790733,-82.045124
25653,37.828964,-81.998297
25654,37.795626,-81.873719
25661,37.736160,-82.273932
25666,37.926751,-82.248854
25669,37.932138,-82.391484
25670,37.721161,-82.158989
25671,37.883864,-82.191926
25672,37.581336,-82.113087
25674,37.868833,-82.351577
25676,37.837737,-82.193065
25678,37.590303,-82.065234
25688,37.621295,-82.119118
25690,37.689780,-82.124445
25692,37.636290,-82.109819
25696,37.679044,-82.115919
25699,37.961653,-82.332550
25701,38.365689,-82.405250
25702,38.434723,-82.314415
25703,38.424914,-82.418697
25704,38.307610,-82.487363
25705,38.404576,-82.360178
25801,37.822892,-81.266198
25810,37.596671,-81.349283
25811,37.562416,-81.296146
25812,38.181993,-81.122676
25813,37.761846,-81.101871
25817,37.758442,-81.397501
25818,37.860276,-81.191992
25820,37.515101,-81.162702
25823,37.661591,-81.210671
25825,37.644282,-81.082976
25826,37.574891,-81.356758
25827,37.739101,-81.254768
25831,37.959313,-80.930792
25832,37.715324,-81.118819
25836,37.774944,-81.278687
25837,38.048142,-81.011901
25839,37.778207,-81.387207
25840,38.042891,-81.122665
25841,37.560685,-81.092430
25843,37.609609,-81.118411
25844,37.800275,-81.383269
25845,37.695336,-81.525185
25846,37.906328,-81.132507
25848,37.718147,-81.428265
25849,37.729977,-81.279707
25853,37.640411,-81.312103
25854,38.136747,-80.979861
25855,37.936058,-81.156062
25857,37.644250,-81.281535
25862,38.085516,-81.061427
25864,37.876046,-81.036063
25865,37.711540,-81.362406
25868,38.086709,-80.958315
25870,37.630165,-81.389346
25871,37.769825,-81.210442
25873,37.750066,-81.213823
25875,37.679114,-81.460808
25876,37.631101,-81.449139
25878,37.715436,-81.229778
25879,37.983629,-81.106037
25880,37.878948,-81.207573
25882,37.632143,-81.393396
25901,37.950702,-81.117050
25902,37.569827,-81.217459
25904,37.928234,-81.283417
25906,37.836755,-81.114354
25907,37.856017,-81.086212
25908,37.675320,-81.247167
25911,37.758042,-81.167172
25913,37.714061,-81.489465
25915,37.590131,-81.291260
25916,37.675614,-81.498056
25917,37.991078,-81.218428
25918,37.753200,-80.995641
25920,37.688595,-81.334040
25921,37.672258,-81.314120
25922,37.465967,-81.105042
25928,37.558121,-81.332573
25932,37.752007,-81.299566
25936,37.923452,-81.039103
25938,38.153072,-81.046857
25942,38.017647,-80.995148
25951,37.662049,-80.866432
25958,38.022833,-80.750010
25962,37.985767,-80.799157
25969,37.617988,-81.001928
25971,37.477419,-80.977446
25972,38.035716,-80.746126
25976,37.848997,-80.842768
25977,37.798478,-80.903302
25978,37.620672,-80.945014
25979,37.510942,-80.913482
25981,38.097057,-80.711083
25984,38.029233,-80.597366
25985,37.783259,-80.813329
25989,37.680938,-81.069851
26003,40.070163,-80.647242
26030,40.220169,-80.656289
26031,40.009395,-80.729265
26032,40.192393,-80.540470
26033,39.830240,-80.578022
26034,40.598473,-80.552334
26035,40.344900,-80.553539
26036,39.977720,-80.554299
26037,40.335562,-80.584518
26038,39.964591,-80.724103
26039,39.799369,-80.674066
26040,39.988521,-80.715964
26041,39.887241,-80.705476
26047,40.520184,-80.589222
26050,40.607741,-80.607637
26055,39.754300,-80.782572
26056,40.531275,-80.577127
26059,40.057468,-80.604858
26060,40.110039,-80.557624
26062,40.426690,-80.560679
26070,40.259769,-80.580062
26074,40.159897,-80.595416
26075,40.193433,-80.668044
26101,39.240324,-81.575872
26104,39.276141,-81.480363
26105,39.329575,-81.514622
26133,39.123282,-81.672414
26134,39.368717,-81.290434
26136,38.959489,-81.137586
26137,38.995599,-81.049374
26138,39.023425,-81.206015
26141,38.933552,-81.245880
26142,39.205781,-81.449266
26143,39.056366,-81.372736
26146,39.457065,-81.036844
26147,38.904543,-81.075390
26148,39.058499,-81.182808
26149,39.483305,-80.825642
26150,39.157283,-81.535898
26151,38.879222,-81.172051
26152,39.010062,-81.195907
26155,39.630056,-80.763963
26159,39.598891,-80.921996
26160,38.981202,-81.412057
26161,39.180564,-81.248200
26164,39.010700,-81.701191
26167,39.538939,-80.743385
26169,39.072207,-81.571589
26170,39.358255,-81.167847
26175,39.537188,-80.974755
26178,39.058252,-81.038103
26180,39.194913,-81.366300
26181,39.209354,-81.664619
26184,39.294993,-81.352720
26187,39.373250,-81.447125
26201,39.001871,-80.197424
26202,38.210138,-80.629587
26203,38.548476,-80.588440
26205,38.326803,-80.650399
26206,38.437440,-80.522355
26208,38.323416,-80.505355
26209,38.428758,-79.988943
26215,38.707115,-80.374949
26217,38.611014,-80.446813
26218,38.844938,-80.266223
26222,38.660184,-80.343304
26224,38.740310,-80.182939
26228,38.754405,-80.370949
26230,38.671816,-80.175663
26234,38.773784,-80.315110
26236,38.744665,-80.234661
26237,38.845411,-80.150680
26238,39.108814,-80.174014
26241,38.932602,-79.788254
26250,39.033465,-79.962538
26253,38.781095,-79.867788
26254,38.880658,-79.662794
26257,38.919170,-80.003647
26259,38.802900,-79.896056
26260,39.082330,-79.424054
26261,38.202704,-80.545044
26263,38.948910,-79.437597
26264,38.575718,-79.827132
26266,38.411676,-80.476414
26267,38.947718,-80.091877
26268,38.748961,-79.738897
26269,39.105610,-79.620053
26270,38.863204,-79.578017
26271,39.034698,-79.558784
26273,38.624994,-79.967513
26275,38.976177,-79.951043
26276,39.025525,-79.772894
26278,38.825363,-80.030486
26280,38.729568,-80.029552
26282,38.521675,-80.162470
26283,39.062858,-79.812580
26285,38.912935,-79.937516
26287,39.181768,-79.642276
26288,38.512962,-80.347136
26291,38.394596,-80.154407
26292,39.141915,-79.533672
26293,38.782444,-79.935790
26294,38.531451,-80.034309
26296,38.764498,-79.553568
26298,38.471041,-80.253444
26301,39.301498,-80.393977
26320,39.404104,-80.812062
26321,39.046479,-80.674595
26323,39.262588,-80.290610
26325,39.098947,-80.904803
26327,39.122886,-80.942770
26330,39.285269,-80.220851
26335,38.843539,-80.684125
26337,39.230232,-81.160993
26338,39.076885,-80.619539
26339,39.422207,-80.613976
26342,39.033601,-80.854830
26343,38.822230,-80.421976
26346,39.290000,-81.060074
26347,39.256558,-80.126099
26348,39.462415,-80.545251
26349,39.235703,-80.130286
26351,38.926224,-80.837517
26354,39.348130,-80.031779
26361,39.366722,-80.317562
26362,39.152149,-81.065351
26366,39.381255,-80.334489
26369,39.333961,-80.331754
26372,38.959136,-80.346572
26374,39.452313,-79.875295
26376,38.784372,-80.453871
26377,39.496261,-80.647037
26378,39.121091,-80.437639
26384,38.981938,-80.706771
26385,39.160459,-80.353915
26386,39.395847,-80.405822
26404,39.335840,-80.306513
26405,39.225164,-79.910422
26408,39.196594,-80.306444
26410,39.404974,-79.808333
26411,39.182862,-80.712694
26412,38.869257,-80.529818
26415,39.288299,-80.939205
26416,39.157139,-80.023725
26419,39.487693,-80.686389
26421,39.181955,-80.924287
26422,39.294490,-80.443881
26424,39.266882,-80.173598
26425,39.275651,-79.760271
26426,39.287032,-80.564431
26430,38.871117,-80.763586
26431,39.399028,-80.295345
26435,39.266587,-80.092281
26436,39.297278,-80.719427
26437,39.525975,-80.508930
26438,39.346605,-80.319108
26440,39.321695,-79.918717
26443,39.075944,-80.753162
26444,39.363716,-79.770661
26447,38.911775,-80.479076
26448,39.394844,-80.517109
26451,39.207743,-80.402248
26452,39.037157,-80.528154
26456,39.262940,-80.774047
26501,39.634144,-80.036792
26505,39.649517,-79.945258
26508,39.602633,-79.895396
26519,39.569166,-79.627057
26520,39.496998,-79.823625
26521,39.713283,-80.228143
26525,39.654026,-79.625810
26534,39.648141,-80.001649
26537,39.488133,-79.709884
26541,39.695015,-80.125243
26542,39.574651,-79.782809
26543,39.664624,-79.999859
26547,39.511738,-79.813851
26554,39.465392,-80.109845
26559,39.501274,-80.168209
26560,39.541991,-80.146976
26562,39.647266,-80.460604
26563,39.482380,-80.273570
26568,39.424891,-80.277841
26570,39.633955,-80.226835
26571,39.526563,-80.262026
26572,39.486629,-80.307759
26574,39.588251,-80.188592
26575,39.677768,-80.441399
26576,39.492501,-80.254748
26581,39.670691,-80.574747
26582,39.528793,-80.380088
26585,39.618451,-80.430782
26586,39.521959,-80.101624
26587,39.517883,-80.292761
26588,39.578871,-80.143989
26590,39.669082,-80.312306
26591,39.451607,-80.296284
26601,38.617423,-80.622737
26610,38.457591,-80.739509
26611,38.846104,-80.846298
26615,38.787252,-80.719190
26617,38.501096,-80.832446
26619,38.751656,-80.705437
26621,38.713341,-80.543405
26623,38.655505,-80.871607
26624,38.719427,-80.794832
26627,38.752473,-80.585064
26629,38.563670,-80.704268
26631,38.812867,-80.540480
26636,38.743911,-80.958250
26638,38.768006,-80.999466
26651,38.334344,-80.887038
26656,38.275784,-81.162670
26660,38.353505,-80.692042
26662,38.271503,-80.742058
26676,38.160011,-80.647778
26678,38.178882,-80.916062
26679,38.173997,-80.805128
26680,38.093333,-80.872973
26681,38.233199,-80.731681
26684,38.164963,-80.845681
26690,38.175264,-81.089305
26691,38.395337,-80.658321
26704,39.291551,-78.599287
26705,39.324555,-79.584376
26707,39.211453,-79.400613
26710,39.301767,-78.967619
26711,39.283470,-78.469379
26714,39.188475,-78.655159
26716,39.252730,-79.529486
26717,39.334155,-79.182508
26719,39.482791,-78.774834
26720,39.280293,-79.329586
26722,39.503126,-78.643193
26726,39.402845,-78.985452
26731,39.168595,-79.075355
26739,39.248350,-79.243252
26743,39.293949,-79.075293
26750,39.476670,-79.044691
26753,39.563200,-78.791500
26755,39.166376,-78.724626
26757,39.318195,-78.743841
26761,39.271397,-78.695001
26763,39.473037,-78.699175
26764,39.452071,-79.553425
26767,39.615903,-78.757160
26801,39.047799,-78.804288
26802,38.627463,-79.205234
26804,38.602696,-79.569209
26807,38.674450,-79.340618
26808,39.207894,-78.457442
26810,38.996545,-78.753667
26812,38.885774,-78.878032
26814,38.781086,-79.475798
26815,38.493516,-79.364475
26817,39.373773,-78.401579
26818,39.087625,-79.016499
26823,39.132607,-78.464071
26833,39.088814,-79.220549
26836,38.998240,-78.975114
26845,39.164519,-78.964204
26847,38.949140,-79.134534
26851,39.047099,-78.611026
26852,39.246727,-78.896354
26855,38.948051,-79.269009
26865,39.205938,-78.512135
26866,38.800610,-79.234329
26884,38.904902,-79.395514
27006,35.939004,-80.440264
27007,36.389720,-80.588467
27009,36.230931,-80.078657
27011,36.216506,-80.698517
27012,36.002457,-80.379291
27013,35.750492,-80.700075
27014,35.810049,-80.555744
27016,36.447462,-80.218816
27017,36.382016,-80.756218
27018,36.197106,-80.518235
27019,36.286886,-80.237725
27020,36.102925,-80.804054
27021,36.319389,-80.338592
27022,36.512166,-80.215604
27023,36.089784,-80.456712
27024,36.519237,-80.841179
27025,36.379051,-79.969387
27027,36.441759,-79.988878
27028,35.922771,-80.580443
27030,36.489802,-80.629164
27040,36.169312,-80.393045
27041,36.425262,-80.487201
27042,36.352819,-80.064203
27043,36.337246,-80.451911
27045,36.234398,-80.296070
27046,36.502219,-80.078264
27047,36.314134,-80.569112
27048,36.482590,-79.917692
27050,36.226442,-80.409707
27051,36.195946,-80.153401
27052,36.320755,-80.150453
27053,36.474276,-80.347850
27054,35.792540,-80.597888
27055,36.113864,-80.631592
27101,36.110850,-80.200430
27103,36.058230,-80.321496
27104,36.093687,-80.323532
27105,36.163377,-80.233787
27106,36.143910,-80.323157
27107,36.013158,-80.175491
27109,36.133928,-80.277635
27110,36.089260,-80.224960
27127,36.020708,-80.279817
27201,36.034172,-79.484829
27203,35.728464,-79.786527
27205,35.638259,-79.850866
27207,35.607613,-79.390517
27208,35.563230,-79.542928
27209,35.343102,-79.753442
27212,36.480967,-79.279856
27214,36.206055,-79.671126
27215,36.027099,-79.491799
27217,36.190945,-79.380185
27229,35.265632,-79.775733
27231,36.207715,-79.169419
27233,35.892512,-79.704980
27235,36.089272,-80.012545
27239,35.600660,-80.090226
27242,35.329657,-79.648955
27243,36.066916,-79.198148
27244,36.215377,-79.486370
27248,35.783296,-79.716331
27249,36.154141,-79.582389
27252,35.566614,-79.349758
27253,35.966166,-79.347351
27258,36.010802,-79.291198
27260,35.954467,-79.987882
27262,35.963132,-80.041654
27263,35.911522,-79.936799
27265,36.012305,-80.030949
27278,36.090195,-79.086929
27281,35.187442,-79.625115
27282,35.988957,-79.928282
27283,35.951474,-79.635418
27284,36.116121,-80.081865
27288,36.497645,-79.750015
27291,36.418316,-79.168428
27292,35.738325,-80.207547
27295,35.871767,-80.310180
27298,35.885115,-79.567545
27299,35.752324,-80.386149
27301,36.113510,-79.665656
27302,36.142030,-79.266181
27305,36.526805,-79.233755
27306,35.225229,-79.980186
27310,36.174072,-79.992233
27311,36.479651,-79.472563
27312,35.756405,-79.209789
27313,35.930899,-79.758242
27314,36.310360,-79.196250
27315,36.510190,-79.403541
27316,35.697013,-79.625793
27317,35.840737,-79.802499
27320,36.341643,-79.657526
27325,35.463087,-79.584091
27326,36.464116,-79.556845
27330,35.514408,-79.195453
27332,35.384704,-79.137215
27340,35.945873,-79.317167
27341,35.523759,-79.695909
27343,36.503728,-79.091478
27344,35.722265,-79.433691
27349,35.901313,-79.416062
27350,35.808253,-79.888213
27355,35.794966,-79.574007
27356,35.436865,-79.804272
27357,36.266600,-79.970625
27358,36.228232,-79.880061
27360,35.860580,-80.099288
27370,35.809280,-79.978025
27371,35.406855,-79.968144
27376,35.239166,-79.535060
27377,36.042675,-79.608729
27379,36.374099,-79.334513
27401,36.069140,-79.765159
27403,36.065973,-79.824383
27405,36.114921,-79.737030
27406,36.000542,-79.764677
27407,36.008599,-79.878160
27408,36.103667,-79.813712
27409,36.103729,-79.939830
27410,36.117523,-79.894239
27455,36.187509,-79.817677
27501,35.484941,-78.684570
27502,35.715250,-78.920992
27503,36.152948,-78.884485
27504,35.400309,-78.518278
27505,35.423475,-79.001029
27507,36.513542,-78.569494
27508,35.956874,-78.248144
27509,36.118640,-78.781001
27510,35.915783,-79.082604
27511,35.763414,-78.788528
27513,35.802102,-78.802719
27514,35.966740,-79.049419
27516,35.906197,-79.154855
27517,35.850468,-79.023121
27518,35.731139,-78.773206
27519,35.808578,-78.883326
27520,35.619732,-78.477026
27521,35.412121,-78.655865
27522,36.105618,-78.675202
27523,35.773618,-78.956926
27524,35.394563,-78.387595
27525,36.136109,-78.458098
27526,35.544010,-78.829824
27527,35.653948,-78.381715
27529,35.655625,-78.584906
27530,35.381174,-78.062514
27531,35.342994,-77.964411
27534,35.373478,-77.896666
27536,36.326731,-78.409125
27537,36.371801,-78.397878
27539,35.676537,-78.813444
27540,35.615062,-78.891559
27541,36.264862,-79.083217
27542,35.618293,-78.136838
27544,36.199730,-78.446559
27545,35.783720,-78.478238
27546,35.385317,-78.862107
27549,36.101663,-78.232233
27551,36.432843,-78.050170
27553,36.486500,-78.302793
27555,35.562683,-78.204133
27556,36.408390,-78.314748
27557,35.779135,-78.198512
27559,35.628213,-79.102818
27560,35.857892,-78.827698
27562,35.640448,-78.990037
27563,36.415710,-78.229388
27565,36.361651,-78.648952
27568,35.510124,-78.245099
27569,35.429065,-78.182749
27571,35.919490,-78.458036
27572,36.255106,-78.877494
27573,36.396597,-78.976099
27574,36.478361,-78.864911
27576,35.577524,-78.261311
27577,35.489638,-78.332894
27581,36.199608,-78.728985
27582,36.467324,-78.576588
27583,36.292958,-78.935362
27587,35.986719,-78.554351
27589,36.322541,-78.133484
27591,35.784170,-78.388983
27592,35.557356,-78.672245
27596,35.999902,-78.435089
27597,35.841015,-78.302680
27601,35.773632,-78.634457
27603,35.664418,-78.652751
27604,35.822789,-78.561648
27605,35.790609,-78.654594
27606,35.742323,-78.715478
27607,35.813106,-78.721175
27608,35.809046,-78.647228
27609,35.843765,-78.633643
27610,35.744400,-78.546278
27612,35.855753,-78.707038
27613,35.926102,-78.711414
27614,35.945927,-78.619492
27615,35.898500,-78.635485
27616,35.866734,-78.541216
27617,35.907875,-78.772960
27701,35.999240,-78.897944
27703,35.959253,-78.806827
27704,36.042446,-78.828771
27705,36.022136,-78.975659
27707,35.954525,-78.953317
27709,35.924393,-78.832764
27712,36.095476,-78.904083
27713,35.895040,-78.923747
27801,35.913445,-77.725700
27803,35.903051,-77.856172
27804,35.989146,-77.842675
27805,36.207741,-77.084248
27806,35.304999,-76.756067
27807,35.804514,-78.095537
27808,35.467089,-76.759752
27809,36.016777,-77.741619
27810,35.531731,-76.525506
27812,35.815619,-77.369240
27813,35.634699,-77.937717
27814,35.398663,-76.918808
27816,36.108992,-78.070319
27817,35.447982,-77.072002
27818,36.499725,-77.018505
27819,35.815994,-77.454941
27820,36.421515,-77.241567
27821,35.322066,-76.874087
27822,35.807012,-77.840457
27823,36.209653,-77.713733
27824,35.513209,-76.037172
27825,35.832804,-77.174424
27826,35.595458,-76.206221
27827,35.696636,-77.513239
27828,35.585152,-77.577194
27829,35.683966,-77.626467
27830,35.564168,-77.950309
27831,36.463087,-77.570553
27832,36.519809,-77.740128
27834,35.657296,-77.379187
27837,35.513865,-77.204600
27839,36.284912,-77.556880
27840,35.982689,-77.214599
27841,35.908501,-77.276319
27842,36.526749,-77.851988
27843,35.995560,-77.399990
27844,36.249497,-77.943156
27845,36.371267,-77.439990
27846,35.758568,-76.897527
27847,36.183169,-77.194668
27849,36.077306,-77.215025
27850,36.412391,-77.880191
27851,35.640083,-78.030678
27852,35.750459,-77.636931
27853,36.508580,-77.285626
27855,36.415601,-77.069301
27856,36.013680,-77.980574
27857,35.972793,-77.286253
27858,35.531750,-77.283888
27860,35.650061,-76.676197
27861,35.814846,-77.320207
27862,36.490175,-77.188291
27863,35.488144,-77.971730
27864,35.807034,-77.651372
27865,35.656239,-76.851605
27866,36.519869,-77.514565
27869,36.267105,-77.313433
27870,36.418933,-77.715760
27871,35.802069,-77.260565
27872,36.192755,-77.253865
27873,35.653592,-77.775232
27874,36.130108,-77.393225
27875,35.455706,-76.504667
27876,36.471995,-77.391332
27878,35.866880,-77.834929
27879,35.574391,-77.279486
27880,35.730736,-78.080589
27881,35.978414,-77.436573
27882,35.941655,-78.115598
27883,35.600536,-77.803696
27884,35.703520,-77.266635
27885,35.386414,-76.285856
27886,35.904533,-77.511658
27888,35.589277,-77.715950
27889,35.582322,-77.012337
27890,36.414180,-77.587745
27891,36.097735,-77.742789
27892,35.812319,-77.051630
27893,35.688948,-77.896676
27896,35.790766,-77.976733
27897,36.324988,-77.210701
27909,36.288605,-76.268734
27910,36.290066,-76.993185
27915,35.336950,-75.517266
27916,36.322012,-75.915131
27917,36.355145,-75.997481
27919,36.308171,-76.504283
27920,35.259518,-75.553269
27921,36.352062,-76.187929
27922,36.316755,-76.842210
27923,36.396245,-75.931116
27924,36.168447,-76.832521
27925,35.856141,-76.193837
27926,36.505115,-76.604925
27927,36.341348,-75.852576
27928,35.824539,-76.438656
27929,36.433134,-75.988221
27932,36.100786,-76.610814
27935,36.431079,-76.868092
27936,35.239423,-75.564581
27937,36.504334,-76.780733
27938,36.384296,-76.716000
27939,36.238431,-75.843084
27941,36.102528,-75.816896
27942,36.297368,-76.750654
27943,35.224432,-75.678903
27944,36.173431,-76.421264
27946,36.363435,-76.601536
27947,36.216959,-75.891578
27948,36.019229,-75.692172
27949,36.108909,-75.760514
27950,36.509694,-75.996382
27953,35.779985,-75.881366
27954,35.910154,-75.677781
27956,36.401576,-76.000725
27957,36.066297,-76.759059
27958,36.484298,-76.138350
27959,35.886943,-75.606402
27960,35.073231,-75.998527
27962,35.790464,-76.744743
27964,36.083046,-75.806214
27965,36.292401,-75.930873
27966,36.149743,-75.802262
27967,36.229468,-76.904956
27968,35.732418,-75.509908
27970,35.839140,-76.650404
27972,35.552458,-75.471299
27973,36.371209,-76.055514
27974,36.243022,-75.989505
27976,36.487866,-76.350687
27978,35.727405,-75.739872
27979,36.436768,-76.560679
27980,36.245324,-76.619385
27981,35.852855,-75.637424
27982,35.565235,-75.466100
27983,35.970460,-76.921871
27985,36.211603,-76.456674
27986,36.389005,-76.918212
28001,35.338552,-80.208179
28006,35.410444,-81.092252
28007,35.104590,-80.109911
28009,35.407846,-80.107195
28012,35.211504,-81.037865
28016,35.314932,-81.283292
28017,35.247082,-81.670682
28018,35.485727,-81.790396
28019,35.276702,-81.787707
28020,35.525046,-81.641413
28021,35.400774,-81.403346
28023,35.567714,-80.602258
28025,35.382677,-80.523467
28027,35.406991,-80.685957
28031,35.472097,-80.900358
28032,35.233033,-81.079513
28033,35.419270,-81.328253
28034,35.353664,-81.178943
28036,35.480547,-80.792539
28037,35.495708,-81.018394
28039,35.678835,-80.437427
28040,35.389195,-81.758135
28043,35.306241,-81.872600
28052,35.214656,-81.233227
28054,35.262879,-81.149075
28056,35.216936,-81.125003
28071,35.517630,-80.316291
28072,35.614070,-80.445205
28073,35.198574,-81.483781
28075,35.302748,-80.639937
28076,35.259155,-81.788612
28077,35.404802,-81.202770
28078,35.405286,-80.864020
28079,35.114710,-80.600423
28080,35.456746,-81.105685
28081,35.502816,-80.670173
28083,35.489602,-80.580668
28086,35.244245,-81.377832
28088,35.544276,-80.614646
28089,35.318233,-81.659574
28090,35.454659,-81.559555
28091,34.987392,-79.933002
28092,35.485761,-81.254558
28097,35.296714,-80.393052
28098,35.271135,-81.100787
28101,35.258099,-81.078063
28102,34.818432,-79.972265
28103,34.998933,-80.351309
28104,35.060568,-80.692836
28105,35.115566,-80.713926
28107,35.252964,-80.518034
28108,34.934781,-80.681183
28109,35.496966,-80.288530
28110,35.066044,-80.509089
28112,34.889925,-80.549548
28114,35.230441,-81.747702
28115,35.585910,-80.772464
28117,35.565695,-80.898335
28119,34.851078,-80.016985
28120,35.328685,-81.026385
28124,35.399738,-80.408631
28125,35.659025,-80.698613
28127,35.474303,-80.190581
28128,35.210696,-80.154523
28129,35.231663,-80.327162
28133,34.844926,-80.265681
28134,35.087361,-80.896140
28135,35.029760,-80.217276
28137,35.563109,-80.236391
28138,35.514441,-80.437354
28139,35.348363,-81.994737
28144,35.706685,-80.464788
28146,35.619243,-80.393345
28147,35.681060,-80.563015
28150,35.342703,-81.576248
28152,35.242720,-81.599412
28159,35.694752,-80.431873
28160,35.361006,-81.922332
28163,35.207494,-80.428517
28164,35.389444,-81.037135
28166,35.680343,-80.868179
28167,35.506751,-81.967285
28168,35.552360,-81.425071
28169,35.358470,-81.429395
28170,34.998714,-80.098785
28173,34.916155,-80.731415
28174,34.969035,-80.439580
28202,35.227271,-80.844194
28203,35.208185,-80.859107
28204,35.214620,-80.827014
28205,35.218791,-80.789601
28206,35.256127,-80.820999
28207,35.194148,-80.824585
28208,35.230466,-80.907243
28209,35.178714,-80.853985
28210,35.130509,-80.856685
28211,35.166342,-80.797285
28212,35.187703,-80.744556
28213,35.285986,-80.734388
28214,35.275252,-80.968144
28215,35.244979,-80.693471
28216,35.312103,-80.888711
28217,35.168896,-80.908285
28226,35.102697,-80.822129
28227,35.189567,-80.645408
28244,35.224605,-80.843094
28262,35.322061,-80.739981
28269,35.337313,-80.803472
28270,35.112079,-80.764415
28273,35.127358,-80.946846
28277,35.052875,-80.817552
28278,35.133432,-81.009357
28280,35.226332,-80.843091
28282,35.224815,-80.845277
28301,35.074800,-78.884257
28303,35.085644,-78.959363
28304,35.025528,-78.989604
28305,35.052609,-78.907244
28306,34.958495,-78.896848
28307,35.138559,-78.981887
28308,35.171550,-79.017085
28310,35.163471,-79.037914
28311,35.167792,-78.887741
28312,34.947752,-78.738133
28314,35.052985,-79.029453
28315,35.117305,-79.431532
28318,35.019873,-78.613574
28320,34.558122,-78.772715
28323,35.314791,-78.834376
28325,35.153922,-78.104138
28326,35.269047,-79.154689
28327,35.354616,-79.416494
28328,35.003503,-78.337924
28330,34.909596,-79.821980
28332,34.659049,-78.737911
28333,35.286131,-78.017373
28334,35.272208,-78.568104
28337,34.657047,-78.561559
28338,35.107513,-79.759641
28339,35.310540,-78.732747
28340,34.471354,-79.134422
28341,35.119876,-78.174437
28342,35.191183,-78.651262
28343,34.757362,-79.564875
28344,35.160499,-78.624575
28345,34.870289,-79.665721
28347,35.062266,-79.631662
28348,34.914974,-78.927020
28349,34.981159,-77.927059
28350,35.243159,-79.314018
28351,34.848270,-79.563854
28352,34.767842,-79.451730
28356,35.237020,-78.790396
28357,34.901888,-79.082766
28358,34.607857,-78.934772
28360,34.670328,-79.074940
28363,34.960782,-79.554662
28364,34.707928,-79.322676
28365,35.172565,-78.052357
28366,35.230228,-78.362014
28367,35.172737,-79.725255
28369,34.423373,-79.029416
28371,34.903171,-78.979570
28372,34.696872,-79.177620
28373,35.093470,-79.485597
28374,35.197454,-79.462959
28375,34.475744,-79.038553
28376,34.992407,-79.242642
28377,34.826879,-79.213242
28379,34.930279,-79.778633
28382,34.971308,-78.517725
28383,34.576974,-79.262696
28384,34.796937,-78.961001
28385,35.050008,-78.477230
28386,34.853619,-79.129616
28387,35.179251,-79.376489
28390,35.219487,-78.955973
28391,35.021629,-78.698798
28392,34.735329,-78.800956
28393,34.981087,-78.189480
28394,35.217450,-79.241539
28395,35.138511,-78.741362
28396,34.914162,-79.397482
28398,34.989776,-78.064151
28399,34.784523,-78.709012
28401,34.272145,-77.962018
28403,34.221692,-77.880633
28405,34.263182,-77.866380
28409,34.155120,-77.862161
28411,34.301809,-77.793089
28412,34.143756,-77.928152
28420,34.073677,-78.483850
28421,34.505123,-78.167047
28422,34.026370,-78.189312
28423,34.308657,-78.393350
28424,34.290287,-78.699681
28425,34.562055,-77.896281
28428,34.046841,-77.909659
28429,34.341211,-77.900216
28430,34.303437,-78.945367
28431,34.314321,-78.839503
28432,34.168033,-78.758709
28433,34.488505,-78.616673
28434,34.468325,-78.465485
28435,34.405955,-78.109229
28436,34.275102,-78.267215
28438,34.409483,-78.918844
28439,34.286816,-79.001382
28441,34.811462,-78.427414
28442,34.282924,-78.613428
28443,34.445036,-77.675712
28444,34.688305,-78.319958
28445,34.483968,-77.556317
28447,34.622297,-78.277327
28448,34.520158,-78.363175
28449,33.978811,-77.933743
28450,34.324418,-78.515265
28451,34.229818,-78.089383
28452,33.991603,-78.549570
28453,34.886439,-78.076256
28454,34.678126,-77.650871
28455,34.111657,-78.631796
28456,34.374973,-78.287201
28457,34.449598,-77.886638
28458,34.814777,-78.090790
28460,34.541298,-77.418235
28461,33.967319,-78.058744
28462,34.026491,-78.289661
28463,34.109764,-78.776463
28464,34.782240,-78.021091
28465,33.912317,-78.102548
28466,34.741253,-77.875651
28467,33.917987,-78.591953
28468,33.899650,-78.519208
28469,33.926428,-78.466820
28470,33.964184,-78.403547
28472,34.299050,-78.691171
28478,34.642840,-78.042039
28479,34.100688,-78.016511
28480,34.225734,-77.797334
28501,35.242318,-77.514151
28504,35.224563,-77.634868
28508,35.099668,-77.824788
28510,34.987612,-76.804461
28511,34.901116,-76.345763
28512,34.712152,-76.793416
28513,35.441502,-77.388857
28515,35.184068,-76.699387
28516,34.905126,-76.552834
28518,34.894823,-77.747493
28519,35.119725,-77.026974
28520,34.994210,-76.323307
28521,34.817902,-77.736618
28523,35.211357,-77.284601
28524,34.790939,-76.468564
28525,35.132291,-77.686672
28526,35.261232,-77.371934
28527,35.259463,-77.030444
28528,34.732058,-76.538662
28529,35.070527,-76.854760
28530,35.374768,-77.415297
28531,34.698040,-76.555565
28532,34.896013,-76.890788
28533,34.902869,-76.901473
28537,35.237681,-76.525812
28538,35.416645,-77.565077
28539,34.694142,-77.203064
28540,34.754982,-77.503794
28543,34.736059,-77.375621
28544,34.718090,-77.308669
28546,34.799156,-77.356165
28547,34.669025,-77.366970
28551,35.321323,-77.780856
28552,35.303795,-76.555801
28553,34.729600,-76.512376
28554,35.478481,-77.586122
28555,34.863364,-77.221865
28556,35.114002,-76.625583
28557,34.738960,-76.749232
28560,35.126708,-76.977604
28562,35.081631,-77.126893
28570,34.781487,-76.857497
28571,35.070773,-76.689240
28572,35.027895,-77.736417
28573,34.985070,-77.148842
28574,34.878931,-77.589588
28575,34.707959,-76.883568
28577,34.864837,-76.373188
28578,35.196952,-77.856972
28579,34.759099,-76.510294
28580,35.453274,-77.679538
28581,34.844258,-76.435553
28582,34.748284,-77.150458
28583,35.138756,-76.741543
28584,34.736767,-77.077619
28585,35.076923,-77.412405
28586,35.313558,-77.167497
28587,35.192730,-76.661661
28589,34.812858,-76.505058
28590,35.520683,-77.416661
28594,34.689904,-76.969688
28601,35.772393,-81.326659
28602,35.669886,-81.389208
28604,36.180280,-81.859151
28605,36.129632,-81.694929
28606,36.053487,-81.322174
28607,36.218005,-81.652138
28609,35.671692,-81.055604
28610,35.730324,-81.135305
28611,36.010955,-81.735254
28612,35.650391,-81.537560
28613,35.737687,-81.207681
28615,36.458680,-81.660618
28616,36.023071,-81.920191
28617,36.480702,-81.361979
28618,36.208166,-81.516769
28619,35.758603,-81.602494
28621,36.275650,-80.914624
28622,36.192676,-81.947333
28623,36.534512,-80.971492
28624,36.128356,-81.411775
28625,35.869567,-80.889640
28626,36.292577,-81.517632
28627,36.455555,-81.004437
28628,35.726329,-81.785107
28629,36.340426,-81.364440
28630,35.831976,-81.420172
28631,36.547476,-81.410356
28634,35.972801,-80.757173
28635,36.305463,-81.126045
28636,35.939426,-81.063433
28637,35.718005,-81.419361
28638,35.845093,-81.477938
28640,36.404873,-81.399397
28642,36.218398,-80.820312
28643,36.529059,-81.540879
28644,36.426218,-81.277969
28645,35.978845,-81.547834
28646,36.073330,-81.847093
28647,35.938084,-81.972993
28649,36.335990,-81.212069
28650,35.571426,-81.158390
28651,36.306214,-81.308783
28652,36.100032,-81.987170
28654,36.058513,-81.159309
28655,35.763266,-81.749862
28657,36.021993,-81.942425
28658,35.637619,-81.235843
28659,36.215959,-81.148169
28660,35.968615,-80.856248
28662,36.021516,-81.899121
28663,36.532030,-81.309408
28665,36.209834,-81.375474
28666,35.725271,-81.470662
28667,35.771453,-81.426154
28668,36.407054,-80.990485
28669,36.223445,-80.989818
28670,36.194308,-80.912494
28671,35.752670,-81.527898
28672,36.483387,-81.326621
28673,35.617717,-80.998758
28675,36.503161,-81.135030
28676,36.331860,-80.855340
28677,35.738099,-80.926089
28678,35.821719,-81.060844
28679,36.261211,-81.828379
28681,35.922678,-81.223058
28682,35.588255,-80.965153
28683,36.390439,-80.911007
28684,36.334824,-81.608201
28685,36.360792,-81.059832
28689,36.036555,-80.940896
28690,35.732735,-81.574230
28692,36.267538,-81.808495
28693,36.471773,-81.559009
28694,36.366337,-81.468016
28697,36.134008,-81.165721
28698,36.340894,-81.736245
28701,35.705098,-82.636467
28702,35.405602,-83.605242
28704,35.457584,-82.580359
28705,36.032692,-82.156238
28707,35.397330,-83.065872
28708,35.271316,-82.862620
28709,35.771599,-82.381832
28711,35.605271,-82.291854
28712,35.173309,-82.770828
28713,35.373495,-83.495989
28714,35.889455,-82.304119
28715,35.511966,-82.711701
28716,35.439331,-82.847944
28717,35.049462,-83.093365
28718,35.159172,-82.634935
28719,35.517887,-83.334159
28720,35.450754,-82.253654
28721,35.662670,-82.958496
28722,35.208461,-82.061011
28723,35.314207,-83.026128
28725,35.366645,-83.255082
28726,35.280999,-82.416555
28729,35.320507,-82.600377
28730,35.517421,-82.378042
28731,35.288036,-82.394669
28732,35.451829,-82.445701
28733,35.429104,-83.815738
28734,35.189081,-83.412260
28735,35.475901,-82.350480
28736,35.175658,-83.086467
28739,35.256111,-82.543709
28740,36.091216,-82.272966
28741,35.055919,-83.211171
28742,35.382641,-82.650687
28743,35.800360,-82.881145
28745,35.525282,-82.972046
28746,35.477196,-82.161705
28747,35.155183,-82.922658
28748,35.649563,-82.757717
28749,35.840722,-82.098559
28751,35.505020,-83.120689
28752,35.709599,-82.035573
28753,35.864078,-82.712731
28754,35.875581,-82.515681
28756,35.351924,-82.186268
28757,35.649746,-82.308567
28759,35.381446,-82.588590
28761,35.685330,-81.910540
28762,35.626790,-82.231583
28763,35.028572,-83.466615
28766,35.251041,-82.619825
28768,35.324202,-82.706749
28771,35.347020,-83.842814
28772,35.116966,-82.827217
28773,35.265444,-82.309700
28774,35.093445,-82.994858
28775,35.021332,-83.321833
28777,35.904431,-82.068534
28778,35.628881,-82.405472
28779,35.357002,-83.215933
28781,35.224056,-83.635479
28782,35.233960,-82.147409
28783,35.262142,-83.010414
28785,35.653307,-83.139769
28786,35.462005,-82.989068
28787,35.741251,-82.515578
28789,35.407057,-83.316777
28790,35.200490,-82.524773
28791,35.356104,-82.508181
28792,35.383008,-82.369906
28801,35.594348,-82.557917
28803,35.531707,-82.523017
28804,35.648442,-82.563811
28805,35.633754,-82.483180
28806,35.571971,-82.614729
28901,35.198079,-83.810349
28902,35.022285,-83.959171
28904,35.068630,-83.733593
28905,35.163946,-83.940087
28906,35.100136,-84.138594
28909,35.001661,-83.904773
29001,33.786644,-80.174065
29003,33.241221,-81.023815
29006,33.869101,-81.551078
29009,34.455300,-80.376154
29010,34.223091,-80.272650
29014,34.523382,-81.114513
29015,34.437442,-81.330125
29016,34.202510,-80.997000
29018,33.348797,-80.639176
29020,34.314345,-80.573719
29030,33.576312,-80.647573
29031,34.548096,-81.492609
29032,34.345114,-80.445025
29033,33.956189,-81.057488
29036,34.134004,-81.339914
29037,34.189935,-81.867694
29038,33.372643,-80.981506
29039,33.422422,-80.915021
29040,34.068795,-80.440478
29042,33.297671,-81.158698
29044,33.925710,-80.695204
29045,34.185012,-80.806315
29046,34.102331,-80.153633
29047,33.532723,-80.585802
29048,33.390561,-80.295284
29051,33.861626,-80.127828
29052,33.798310,-80.741296
29053,33.827544,-81.090963
29054,33.941953,-81.383081
29055,34.574244,-80.914866
29056,33.608638,-80.005987
29058,34.554283,-80.749684
29059,33.330030,-80.418508
29061,33.897493,-80.850604
29062,34.004286,-80.605521
29063,34.142131,-81.206184
29065,34.285140,-81.296583
29067,34.544166,-80.537094
29069,34.180119,-80.094644
29070,33.916667,-81.449233
29072,34.001778,-81.272410
29073,33.888739,-81.238803
29074,34.441127,-80.818402
29075,34.218134,-81.299071
29078,34.182184,-80.708825
29079,34.286517,-80.113717
29080,34.012164,-80.085577
29081,33.089080,-81.047373
29082,33.038215,-80.939141
29101,34.460212,-80.247195
29102,33.641983,-80.188481
29104,34.001026,-80.213437
29105,33.806395,-81.593579
29107,33.529824,-81.124331
29108,34.305524,-81.627342
29111,33.789038,-80.006369
29112,33.625345,-81.081592
29113,33.432453,-81.135322
29114,33.954301,-79.932279
29115,33.477386,-80.849144
29117,33.498262,-80.848831
29118,33.569394,-80.888558
29122,34.238809,-81.328334
29123,33.764652,-81.271451
29125,33.702759,-80.462307
29126,34.328933,-81.419482
29127,34.153252,-81.512463
29128,34.095053,-80.526184
29129,33.789287,-81.672715
29130,34.331608,-80.880412
29133,33.358911,-80.803127
29135,33.701219,-80.757171
29137,33.596191,-81.321416
29138,34.042392,-81.776152
29142,33.463477,-80.524523
29145,34.228719,-81.766201
29146,33.508249,-81.295412
29147,34.091766,-80.966488
29148,33.534198,-80.337458
29150,33.874774,-80.354069
29152,33.972292,-80.465816
29153,33.959249,-80.308378
29154,33.879261,-80.440418
29160,33.746888,-81.035516
29161,34.103650,-79.943426
29162,33.885889,-80.014019
29163,33.429587,-80.439904
29164,33.662168,-81.416471
29166,33.901807,-81.705732
29168,33.848449,-80.540767
29169,33.997527,-81.097406
29170,33.937674,-81.147203
29172,33.912417,-81.076978
29175,34.443849,-80.598356
29178,34.493359,-81.606734
29180,34.366465,-81.093684
29201,33.982484,-81.028098
29202,33.993558,-81.031002
29203,34.101723,-81.042085
29204,34.029148,-81.002526
29205,33.990057,-80.997249
29206,34.026415,-80.958995
29207,34.042447,-80.845986
29208,33.998133,-81.028152
29209,33.926751,-80.950364
29210,34.046162,-81.106580
29212,34.076232,-81.198752
29223,34.092634,-80.919271
29225,33.996177,-81.025028
29229,34.139526,-80.888209
29301,34.934028,-82.010697
29302,34.884446,-81.843600
29303,34.995627,-81.960400
29306,34.892633,-81.921504
29307,34.982716,-81.831555
29316,35.043045,-81.975107
29320,34.958401,-81.993676
29321,34.714655,-81.741066
29322,35.121041,-82.132234
29323,35.126341,-81.907463
29324,34.983686,-81.826635
29325,34.465141,-81.849816
29329,34.994511,-81.835995
29330,35.052634,-81.804153
29331,34.651836,-81.844085
29332,34.278760,-81.970367
29333,34.971201,-81.910226
29334,34.905551,-82.124414
29335,34.646696,-81.904469
29338,35.135513,-82.001598
29340,34.972313,-81.585917
29341,35.111910,-81.713162
29346,34.945078,-81.836373
29349,35.067335,-82.068095
29351,34.421034,-81.808045
29353,34.830741,-81.648604
29355,34.289571,-81.826418
29356,35.142074,-82.280831
29360,34.498690,-82.051054
29364,34.762480,-81.470669
29365,34.980991,-82.171853
29368,35.081579,-81.863411
29369,34.865620,-82.019463
29370,34.373805,-81.963361
29372,34.901769,-81.711278
29373,34.924482,-81.747544
29374,34.784549,-81.853472
29375,34.861302,-82.113804
29376,34.811382,-81.944219
29377,34.930629,-82.095109
29378,34.966907,-81.968539
29379,34.682350,-81.608729
29384,34.340248,-82.090128
29385,34.972963,-82.101417
29388,34.764315,-82.044633
29401,32.777180,-79.932000
29403,32.805900,-79.943180
29404,32.898999,-80.049739
29405,32.856252,-79.981994
29406,32.937267,-80.035245
29407,32.798930,-79.997803
29409,32.796088,-79.960493
29410,32.932710,-80.002982
29412,32.711469,-79.952603
29414,32.839966,-80.089182
29418,32.909523,-80.094219
29420,32.931762,-80.100722
29423,32.978760,-80.071205
29424,32.783637,-79.937365
29426,32.797192,-80.370638
29429,32.973563,-79.650117
29431,33.278777,-79.882079
29432,33.231512,-80.808866
29434,33.140888,-79.843725
29435,32.972972,-80.466445
29436,33.315358,-80.187250
29437,33.139994,-80.431756
29438,32.564708,-80.322390
29439,32.647997,-79.960079
29440,33.381110,-79.329760
29445,32.997548,-79.966641
29446,32.630668,-80.551510
29448,33.255570,-80.452728
29449,32.700369,-80.287056
29450,33.065935,-79.784197
29451,32.822611,-79.754581
29452,32.677951,-80.461468
29453,33.225592,-79.642781
29455,32.624718,-80.040587
29456,32.985877,-80.115440
29458,33.093336,-79.461188
29461,33.159784,-80.007539
29464,32.816699,-79.858222
29466,32.877758,-79.792013
29468,33.425634,-80.056991
29469,33.257863,-80.056370
29470,32.826929,-80.253739
29471,33.192675,-80.670417
29472,33.045536,-80.326698
29474,32.884258,-80.523838
29475,32.957264,-80.806480
29477,33.163169,-80.565210
29479,33.380638,-79.890574
29481,33.108529,-80.800481
29482,32.764502,-79.854987
29483,33.057779,-80.182910
29485,32.947923,-80.189918
29487,32.657682,-80.183948
29488,32.906763,-80.672836
29492,32.903802,-79.911163
29493,33.034143,-80.842844
29501,34.205933,-79.826260
29505,34.130066,-79.688893
29506,34.221377,-79.650336
29510,33.454312,-79.613121
29511,33.975732,-79.122716
29512,34.619033,-79.718041
29516,34.437454,-79.634640
29518,33.788608,-79.847975
29519,34.018637,-79.359821
29520,34.679486,-79.927292
29525,34.552415,-79.540885
29526,33.847406,-78.947093
29527,33.785083,-79.140176
29530,33.996055,-79.740075
29532,34.280331,-79.869336
29536,34.419502,-79.373048
29540,34.377298,-79.846185
29541,34.064949,-79.740750
29543,34.287605,-79.265927
29544,33.926098,-79.255583
29545,34.163660,-78.966477
29546,33.883845,-79.349409
29547,34.496287,-79.334829
29550,34.399975,-80.082806
29554,33.704050,-79.381598
29555,33.845583,-79.483856
29556,33.668227,-79.763139
29560,33.827895,-79.742142
29563,34.353366,-79.208673
29564,33.449386,-79.848408
29565,34.358052,-79.499289
29566,33.873402,-78.666957
29567,34.560972,-79.432683
29568,33.913616,-78.750292
29569,34.032632,-78.911583
29570,34.667866,-79.562707
29571,34.135123,-79.425041
29572,33.772568,-78.785662
29574,34.165413,-79.260831
29575,33.629132,-78.970412
29576,33.562090,-79.061087
29577,33.698452,-78.902659
29579,33.753481,-78.916375
29580,33.653101,-79.551975
29581,34.195802,-79.113483
29582,33.838529,-78.660551
29583,33.977851,-79.571077
29584,34.583313,-80.065768
29585,33.520097,-79.135803
29588,33.671137,-79.024270
29590,33.568920,-79.848696
29591,33.937999,-79.762290
29592,34.264635,-79.483865
29593,34.493107,-79.856964
29594,34.640233,-79.577360
29596,34.744162,-79.830739
29601,34.847112,-82.402264
29605,34.774425,-82.376610
29607,34.812790,-82.331714
29609,34.912592,-82.388170
29611,34.830934,-82.458497
29613,34.924255,-82.440488
29614,34.873771,-82.363149
29615,34.856825,-82.296139
29617,34.911021,-82.468095
29620,34.182407,-82.425607
29621,34.506671,-82.605272
29624,34.435943,-82.624115
29625,34.555099,-82.765677
29626,34.460802,-82.756514
29627,34.518602,-82.476359
29628,34.089135,-82.559262
29630,34.738673,-82.799161
29631,34.681593,-82.817762
29634,34.675278,-82.835901
29635,35.077658,-82.626703
29638,34.363867,-82.338204
29639,34.303669,-82.428794
29640,34.877710,-82.575421
29642,34.776943,-82.563722
29643,34.516357,-82.996359
29644,34.668418,-82.190145
29645,34.588013,-82.127041
29646,34.136053,-82.148470
29649,34.238919,-82.145019
29650,34.898138,-82.258067
29651,35.023830,-82.279564
29653,34.306003,-82.232469
29654,34.460528,-82.361886
29655,34.264095,-82.640492
29657,34.767066,-82.686594
29658,34.760705,-83.284526
29659,34.209770,-82.646988
29661,35.147593,-82.529539
29662,34.778208,-82.301835
29664,34.860889,-83.157553
29665,34.724825,-82.914632
29666,34.113326,-81.979552
29667,34.764792,-82.756690
29669,34.638704,-82.412542
29670,34.643979,-82.723237
29671,34.934777,-82.728691
29672,34.751278,-82.934285
29673,34.715864,-82.455520
29676,34.950446,-82.983481
29678,34.634470,-82.937301
29680,34.685122,-82.288811
29681,34.767679,-82.225003
29682,34.836191,-82.853397
29683,35.029999,-82.494173
29684,34.379432,-82.718704
29685,34.991238,-82.842298
29686,34.958106,-83.053044
29687,34.986636,-82.327451
29689,34.534253,-82.868342
29690,35.059806,-82.417198
29691,34.783465,-83.083658
29692,34.412630,-82.219492
29693,34.644394,-83.152437
29696,34.781122,-83.008462
29697,34.625593,-82.548639
29702,35.116068,-81.473073
29704,34.832120,-80.909792
29706,34.715558,-81.234530
29707,34.974384,-80.862388
29708,35.048705,-80.987118
29709,34.720167,-80.098457
29710,35.106284,-81.221471
29712,34.797966,-80.975531
29714,34.712239,-80.915313
29715,35.009844,-80.928739
29717,34.950733,-81.448844
29718,34.624163,-80.331295
29720,34.740563,-80.732729
29724,34.773948,-81.011121
29726,34.860843,-81.236135
29727,34.719265,-80.264601
29728,34.764953,-80.400558
29729,34.689134,-81.006760
29730,34.889889,-81.017848
29732,34.971166,-81.081284
29733,34.939585,-81.031961
29741,34.725288,-80.195526
29742,34.869975,-81.392257
29743,35.012139,-81.390396
29745,34.990942,-81.214095
29801,33.588993,-81.697037
29803,33.490342,-81.762819
29805,33.647579,-81.604076
29809,33.418902,-81.692490
29810,32.986368,-81.378110
29812,33.231937,-81.428404
29816,33.500764,-81.871584
29817,33.370534,-81.273172
29819,34.044227,-82.227378
29821,33.643047,-82.107049
29824,33.819698,-81.993370
29826,33.385382,-81.359584
29827,32.963155,-81.253906
29828,33.522812,-81.828197
29829,33.574720,-81.857718
29831,33.297451,-81.799578
29832,33.838994,-81.803656
29834,33.512930,-81.856747
29835,33.919499,-82.288971
29836,33.126708,-81.557127
29838,33.747484,-82.151080
29840,34.007202,-82.521302
29841,33.526407,-81.939337
29842,33.457043,-81.860710
29843,33.182069,-81.179772
29844,33.769606,-82.241925
29845,33.817844,-82.201423
29847,33.704138,-81.847277
29848,33.970417,-82.075911
29849,33.103626,-81.238347
29850,33.609668,-81.816976
29851,33.507439,-81.811783
29853,33.403112,-81.422644
29856,33.485256,-81.511831
29860,33.614687,-81.984429
29899,33.928023,-82.250602
29902,32.334933,-80.684304
29904,32.457441,-80.717905
29905,32.351589,-80.682217
29906,32.445112,-80.752875
29907,32.474692,-80.599222
29909,32.336836,-80.847799
29910,32.214521,-80.891570
29911,32.941160,-81.141681
29912,32.584548,-80.928494
29915,32.122105,-80.856036
29916,32.718462,-80.967103
29918,32.744462,-81.247365
29920,32.364221,-80.553611
29921,32.682581,-81.172909
29922,32.625831,-81.277273
29923,32.859518,-81.246422
29924,32.876885,-81.111209
29926,32.238247,-80.740263
29927,32.226776,-81.057876
29928,32.163171,-80.755765
29929,32.927872,-80.938536
29932,32.818148,-81.348641
29934,32.591591,-81.107381
29935,32.383349,-80.693678
29936,32.482042,-80.971987
29939,32.672512,-81.244025
29940,32.545910,-80.713616
29941,32.550309,-80.806715
29943,32.479249,-81.192323
29944,32.795699,-81.034521
29945,32.673313,-80.765932
