*ZIP,LAT,LNG
30002,33.773335,-84.261667
30004,34.145614,-84.291894
30005,34.089039,-84.217099
30008,33.897634,-84.589572
30009,34.079096,-84.305262
30011,34.019859,-83.837163
30012,33.717806,-84.002515
30013,33.645170,-83.972188
30014,33.580062,-83.823102
30016,33.517433,-83.928703
30017,33.890533,-83.961879
30019,33.975610,-83.883747
30021,33.806929,-84.237588
30022,34.029865,-84.239745
30024,34.062971,-84.090770
30025,33.655902,-83.696581
30028,34.293050,-84.176167
30030,33.771947,-84.290270
30032,33.740666,-84.264463
30033,33.811659,-84.283230
30034,33.690867,-84.248622
30035,33.724452,-84.204244
30038,33.666460,-84.139855
30039,33.799851,-84.035678
30040,34.210349,-84.187794
30041,34.204626,-84.100357
30043,33.999276,-84.009512
30044,33.922046,-84.065671
30045,33.936518,-83.927669
30046,33.948632,-83.995766
30047,33.871867,-84.112585
30052,33.815151,-83.893561
30054,33.673250,-83.871806
30055,33.497411,-83.749784
30056,33.500250,-83.659584
30058,33.740330,-84.108844
30060,33.926431,-84.541629
30062,34.005578,-84.468945
30064,33.940455,-84.609708
30066,34.032388,-84.505154
30067,33.934278,-84.462185
30068,33.968116,-84.431704
30070,33.574432,-83.894702
30071,33.940652,-84.206734
30072,33.792116,-84.206463
30075,34.055084,-84.390492
30076,34.028483,-84.311423
30078,33.861019,-84.017993
30079,33.792055,-84.257369
30080,33.869940,-84.498081
30082,33.854654,-84.536437
30083,33.797412,-84.197984
30084,33.854097,-84.216155
30087,33.805871,-84.126928
30088,33.756052,-84.182363
30092,33.972386,-84.231986
30093,33.908536,-84.177349
30094,33.612505,-84.051523
30096,33.974292,-84.145426
30097,34.026142,-84.145592
30101,34.034515,-84.707349
30102,34.110196,-84.631357
30103,34.366336,-84.917546
30104,34.087138,-85.056489
30105,34.432548,-85.172442
30106,33.839010,-84.628247
30107,34.336291,-84.345793
30108,33.531700,-85.262996
30110,33.744459,-85.135938
30113,33.850746,-85.205308
30114,34.247838,-84.524468
30115,34.204092,-84.400462
30116,33.540590,-85.003082
30117,33.581851,-85.132439
30118,33.572388,-85.103620
30120,34.167879,-84.852014
30121,34.209221,-84.778006
30122,33.766909,-84.641356
30124,34.133691,-85.345801
30125,34.000316,-85.276531
30126,33.815025,-84.553831
30127,33.874556,-84.694713
30132,33.988832,-84.858967
30134,33.777518,-84.781392
30135,33.670520,-84.734280
30137,34.126177,-84.761354
30139,34.432341,-84.705495
30141,33.860430,-84.769883
30143,34.459958,-84.431752
30144,34.036864,-84.591009
30145,34.245660,-84.985878
30147,34.150627,-85.208239
30148,34.458792,-84.258613
30149,34.309754,-85.226015
30152,33.989250,-84.645920
30153,33.959882,-85.054452
30157,33.884708,-84.871928
30161,34.242301,-85.171371
30164,33.396015,-83.834275
30165,34.302923,-85.269103
30168,33.783542,-84.588106
30170,33.429229,-85.169473
30171,34.343395,-84.726262
30173,34.133121,-85.153505
30175,34.534915,-84.526711
30176,33.766844,-85.301029
30177,34.411307,-84.377876
30178,34.095453,-84.971074
30179,33.779335,-85.013502
30180,33.717103,-84.918032
30182,33.655819,-85.248832
30183,34.338804,-84.602425
30184,34.252072,-84.741005
30185,33.519802,-84.918098
30187,33.662549,-84.847233
30188,34.123528,-84.457649
30189,34.124224,-84.570679
30204,33.056050,-84.121042
30205,33.267427,-84.475138
30206,33.096058,-84.458228
30213,33.589298,-84.636766
30214,33.490464,-84.485997
30215,33.391613,-84.456432
30216,33.228851,-83.884863
30217,33.281895,-85.133844
30218,33.129318,-84.587178
30220,33.225499,-84.823547
30222,33.044355,-84.743495
30223,33.288801,-84.279923
30224,33.204493,-84.239727
30228,33.404147,-84.307350
30230,33.164490,-84.920565
30233,33.292157,-83.969544
30234,33.323884,-84.030964
30236,33.524478,-84.325439
30238,33.493294,-84.379160
30240,33.036764,-85.120092
30241,33.022315,-84.949516
30248,33.351576,-84.105959
30250,33.436535,-84.314213
30251,33.198174,-84.698112
30252,33.473512,-84.057165
30253,33.448926,-84.183570
30256,33.007484,-84.309900
30257,33.143414,-84.186220
30258,32.972488,-84.449100
30259,33.266198,-84.737458
30260,33.584687,-84.327348
30263,33.388415,-84.858937
30265,33.418625,-84.713134
30268,33.546430,-84.722632
30269,33.391904,-84.570611
30273,33.583798,-84.271027
30274,33.554561,-84.399687
30275,33.437124,-84.874183
30276,33.263670,-84.570824
30277,33.375308,-84.649196
30281,33.567898,-84.193388
30284,33.342874,-84.288959
30285,32.987673,-84.258191
30286,32.879167,-84.330566
30288,33.652831,-84.327109
30289,33.322887,-84.633870
30290,33.476407,-84.589709
30291,33.575891,-84.543792
30292,33.168489,-84.393225
30293,32.976649,-84.611505
30294,33.639853,-84.267150
30295,33.090279,-84.310405
30296,33.563185,-84.441151
30297,33.615841,-84.373002
30303,33.753259,-84.389953
30305,33.835696,-84.389116
30306,33.789323,-84.351498
30307,33.771079,-84.333600
30308,33.771126,-84.378108
30309,33.799884,-84.385805
30310,33.726586,-84.425995
30311,33.723262,-84.475994
30312,33.744725,-84.375231
30313,33.764539,-84.397339
30314,33.757576,-84.432245
30315,33.702829,-84.382515
30316,33.711546,-84.331796
30317,33.747999,-84.315586
30318,33.792303,-84.447862
30319,33.875954,-84.334763
30322,33.793597,-84.326127
30324,33.818405,-84.358175
30326,33.849518,-84.363971
30327,33.869694,-84.417300
30328,33.932538,-84.385947
30329,33.827479,-84.323017
30331,33.707455,-84.544149
30332,33.778271,-84.404537
30334,33.748855,-84.387243
30336,33.738366,-84.567535
30337,33.640147,-84.450081
30338,33.946218,-84.318119
30339,33.876320,-84.462090
30340,33.897873,-84.252804
30341,33.888505,-84.289532
30342,33.882179,-84.375289
30344,33.676362,-84.460794
30345,33.851722,-84.283624
30346,33.924230,-84.338876
30349,33.622488,-84.523908
30350,33.980254,-84.330016
30354,33.661498,-84.386895
30360,33.933808,-84.272577
30363,33.791004,-84.398978
30401,32.599617,-82.352575
30410,32.188589,-82.513470
30411,32.128124,-82.794380
30412,32.078922,-82.490792
30413,32.888980,-82.510648
30415,32.324484,-81.603497
30417,32.170468,-81.920992
30420,32.288422,-82.152736
30421,32.179599,-82.107566
30423,32.148806,-81.830641
30425,32.682022,-82.094572
30426,33.035037,-81.628674
30427,31.922905,-81.962446
30428,32.224545,-82.715130
30429,32.165446,-81.936169
30434,33.025668,-82.383791
30436,32.154894,-82.293036
30438,32.165611,-82.020521
30439,32.407098,-82.078788
30441,32.797050,-82.224945
30442,32.799793,-81.983529
30445,32.163934,-82.588515
30446,32.563486,-81.463016
30448,32.488240,-82.363384
30449,32.515224,-81.561033
30450,32.562251,-81.923131
30451,32.390728,-81.952461
30452,32.325315,-81.888781
30453,32.011133,-82.121758
30454,32.436077,-82.730358
30455,32.690978,-81.802282
30456,32.980717,-81.796140
30457,32.400272,-82.567512
30458,32.399676,-81.828266
30460,32.418936,-81.781698
30461,32.511828,-81.718844
30464,32.437229,-82.224961
30467,32.753793,-81.603534
30470,32.313907,-82.561036
30471,32.543263,-82.180910
30473,32.016897,-82.468830
30474,32.238578,-82.417773
30475,32.224698,-82.368594
30477,32.861525,-82.401582
30501,34.319072,-83.814393
30504,34.271989,-83.891026
30506,34.346947,-83.895595
30507,34.247502,-83.773850
30510,34.444855,-83.570701
30511,34.449698,-83.486672
30512,34.859530,-83.960571
30513,34.821043,-84.322383
30516,34.380913,-83.030697
30517,34.130358,-83.797204
30518,34.130846,-84.027398
30519,34.087437,-83.944991
30520,34.340050,-83.082621
30521,34.362448,-83.292322
30522,34.795978,-84.340155
30523,34.716543,-83.552878
30525,34.907217,-83.369483
30527,34.480827,-83.781847
30528,34.621918,-83.794620
30529,34.217179,-83.482653
30530,34.222921,-83.393799
30531,34.512602,-83.592206
30533,34.563560,-84.020072
30534,34.431100,-84.144329
30535,34.573655,-83.574769
30536,34.652002,-84.359442
30537,34.976125,-83.320199
30538,34.500986,-83.263844
30540,34.728127,-84.543528
30541,34.912906,-84.539104
30542,34.178052,-83.909174
30543,34.290463,-83.649536
30545,34.762511,-83.762189
30546,34.898796,-83.696585
30547,34.361833,-83.455885
30548,34.090470,-83.767003
30549,34.107990,-83.577448
30552,34.770857,-83.443724
30553,34.443769,-83.084137
30554,34.398083,-83.661982
30555,34.971217,-84.436342
30557,34.479804,-83.184960
30558,34.264056,-83.566788
30559,34.957885,-84.274319
30560,34.876756,-84.204831
30562,34.921474,-83.381098
30563,34.567865,-83.454897
30564,34.471046,-83.887074
30565,34.086211,-83.411497
30566,34.236212,-83.895210
30567,34.180744,-83.676541
30568,34.959487,-83.432795
30571,34.707523,-83.694014
30572,34.735794,-84.072487
30573,34.749867,-83.416673
30575,34.207642,-83.713476
30576,34.834627,-83.452192
30577,34.552419,-83.325929
30581,34.795248,-83.423725
30582,34.958918,-83.900404
30601,33.999151,-83.346993
30602,33.944542,-83.372937
30605,33.905911,-83.323577
30606,33.937551,-83.424964
30607,34.017305,-83.447551
30609,33.949464,-83.382007
30619,33.855811,-83.244694
30620,33.929472,-83.758422
30621,33.791462,-83.492132
30622,33.924456,-83.517926
30623,33.726758,-83.541819
30624,34.186246,-83.044149
30625,33.520284,-83.333530
30627,33.972176,-82.963748
30628,34.028875,-83.213297
30629,34.076932,-83.110117
30630,33.913366,-83.147279
30631,33.559319,-82.875272
30633,34.180903,-83.249172
30634,34.195694,-82.945483
30635,34.105769,-82.793148
30641,33.778357,-83.574025
30642,33.554175,-83.194404
30643,34.363471,-82.908806
30646,34.085104,-83.299382
30648,33.879979,-83.052055
30650,33.583689,-83.473544
30655,33.781688,-83.696095
30656,33.862137,-83.716175
30660,33.789216,-82.951866
30662,34.267311,-83.154100
30663,33.615822,-83.600873
30664,33.556259,-82.798319
30665,33.542620,-83.062914
30666,33.962081,-83.584612
30667,33.776347,-83.145330
30668,33.895747,-82.697208
30669,33.672149,-83.120938
30673,33.710915,-82.713973
30677,33.783202,-83.373342
30678,33.453336,-83.065445
30680,33.996105,-83.700168
30683,33.946987,-83.256270
30701,34.492384,-84.958336
30705,34.744142,-84.731404
30707,34.771941,-85.359193
30708,34.961786,-84.664588
30710,34.953194,-84.911171
30711,34.921047,-84.711807
30720,34.733644,-85.000824
30721,34.788636,-84.916082
30725,34.924777,-85.352675
30726,34.976243,-85.139577
30728,34.684875,-85.225790
30730,34.348052,-85.417499
30731,34.587768,-85.477364
30733,34.414593,-85.050554
30734,34.532804,-84.714916
30735,34.602883,-84.882661
30736,34.902663,-85.133970
30738,34.796552,-85.480936
30739,34.805931,-85.215984
30740,34.757276,-85.072036
30741,34.952685,-85.281297
30742,34.950584,-85.243239
30746,34.577083,-85.027273
30747,34.502597,-85.302791
30750,34.941414,-85.388227
30751,34.984504,-84.732690
30752,34.914982,-85.537961
30753,34.582280,-85.285800
30755,34.868030,-85.042750
30756,34.897650,-84.977052
30757,34.935801,-85.441516
30802,33.601364,-82.299939
30803,33.133196,-82.549061
30805,33.279569,-82.191791
30807,33.457408,-82.648621
30808,33.384114,-82.391923
30809,33.556030,-82.170395
30810,33.235661,-82.589853
30812,33.367233,-82.028573
30813,33.471668,-82.220051
30814,33.440353,-82.299698
30815,33.287235,-82.088937
30816,33.156206,-82.166263
30817,33.778388,-82.430194
30818,33.276427,-82.338966
30820,33.217572,-82.709869
30821,33.492107,-82.737994
30822,32.926337,-81.852686
30823,33.226005,-82.453380
30824,33.512953,-82.514855
30828,33.368038,-82.656312
30830,33.079811,-81.975337
30833,33.191250,-82.353132
30901,33.437213,-81.956156
30903,33.490148,-82.162688
30904,33.478289,-82.014102
30905,33.415160,-82.142573
30906,33.346732,-81.967703
30907,33.523809,-82.085688
30909,33.470481,-82.083045
30912,33.470510,-81.988094
31001,31.976256,-83.339665
31002,32.554049,-82.595322
31003,32.606281,-83.212516
31005,32.544201,-83.597459
31006,32.580721,-84.250733
31007,32.188514,-83.927321
31008,32.665346,-83.785924
31009,32.281608,-83.019789
31011,32.129553,-83.074859
31012,32.394344,-83.173715
31014,32.415886,-83.349077
31015,31.935000,-83.774945
31016,32.842251,-84.115961
31017,32.621094,-83.232220
31018,32.977092,-82.627586
31019,32.424244,-83.051342
31020,32.690507,-83.498578
31021,32.493427,-82.943054
31022,32.511540,-83.116631
31023,32.183213,-83.199454
31024,33.320918,-83.375490
31025,32.335837,-83.741003
31027,32.581117,-82.804219
31028,32.631200,-83.696300
31029,33.040249,-83.934515
31030,32.570683,-83.890124
31031,32.866286,-83.328340
31032,33.011683,-83.569169
31033,33.079307,-83.434007
31035,32.845795,-82.696035
31036,32.282016,-83.523225
31037,32.080832,-82.968592
31038,33.133747,-83.646996
31039,32.594332,-84.387121
31041,32.333518,-84.204238
31042,32.761346,-83.176859
31044,32.654991,-83.384798
31045,33.280835,-82.785442
31046,33.054338,-83.796097
31047,32.467280,-83.595342
31049,32.686436,-82.525311
31050,32.739657,-83.955974
31051,32.155877,-83.886797
31052,32.789015,-83.840075
31054,32.889861,-83.214067
31055,32.005073,-82.900735
31057,32.435000,-83.936561
31058,32.488651,-84.410396
31060,31.975665,-83.063507
31061,33.077282,-83.246171
31062,33.046624,-83.215582
31063,32.288966,-83.963260
31064,33.286297,-83.702346
31065,32.550166,-83.163351
31066,32.811058,-84.014751
31067,32.860339,-82.936674
31068,32.328618,-84.117049
31069,32.440068,-83.748603
31070,32.186580,-83.789771
31071,32.129447,-83.540846
31072,31.974465,-83.566840
31075,32.351617,-82.956349
31076,32.538870,-84.110141
31077,31.921144,-83.198370
31078,32.694814,-84.075661
31079,31.942896,-83.458767
31081,32.419232,-84.282732
31082,32.996417,-82.903117
31083,32.040351,-82.814353
31084,31.961703,-83.607862
31085,33.427349,-83.627700
31087,33.251362,-83.001031
31088,32.579353,-83.650325
31089,32.850766,-82.860314
31090,32.829744,-83.068206
31091,32.237927,-83.704527
31092,32.090962,-83.785552
31093,32.647873,-83.657206
31094,33.113614,-82.795759
31096,32.723279,-82.707269
31097,32.890411,-84.166895
31098,32.614215,-83.568560
31201,32.806321,-83.617860
31204,32.848513,-83.674775
31206,32.800857,-83.693698
31207,32.828448,-83.649156
31210,32.907633,-83.735052
31211,32.901115,-83.576267
31213,32.840081,-83.639350
31216,32.729664,-83.685340
31217,32.844147,-83.500044
31220,32.872019,-83.809688
31301,31.750629,-81.602350
31302,32.121659,-81.341739
31303,32.505422,-81.313427
31304,31.510772,-81.354554
31305,31.396816,-81.393957
31307,32.172843,-81.398602
31308,32.180316,-81.471289
31309,31.879886,-81.438392
31312,32.307479,-81.403826
31313,31.844789,-81.612554
31314,31.870154,-81.631076
31315,31.892873,-81.588978
31316,31.723569,-81.714287
31318,32.142025,-81.371941
31320,31.765504,-81.368411
31321,32.185059,-81.659775
31322,32.109885,-81.255465
31323,31.687499,-81.427655
31324,31.851496,-81.262181
31326,32.295200,-81.229931
31327,31.467922,-81.248753
31328,32.011169,-80.865603
31329,32.425638,-81.350634
31331,31.511701,-81.443246
31401,32.074679,-81.088261
31404,32.051559,-81.049211
31405,32.039396,-81.179116
31406,31.980523,-81.085190
31407,32.186053,-81.192148
31408,32.117550,-81.184333
31409,32.016357,-81.144544
31410,32.028784,-80.992683
31411,31.942991,-81.034651
31415,32.078546,-81.126056
31419,31.997154,-81.230649
31501,31.223623,-82.350198
31503,31.204020,-82.419920
31510,31.545485,-82.440693
31512,31.545696,-83.018356
31513,31.777050,-82.347726
31516,31.309373,-82.253250
31518,31.512607,-82.185093
31519,31.684697,-82.879186
31520,31.180919,-81.493973
31522,31.257252,-81.342026
31523,31.212645,-81.616811
31524,31.240597,-81.473387
31525,31.321100,-81.526435
31527,31.066990,-81.433275
31532,31.722070,-82.758822
31533,31.560258,-82.828039
31535,31.459466,-82.867497
31537,30.885212,-82.005230
31539,31.831700,-82.605344
31542,31.142701,-82.119407
31543,31.334089,-81.828853
31544,31.840482,-82.963883
31545,31.663955,-81.934173
31546,31.509811,-81.777301
31547,30.790547,-81.559737
31548,30.796163,-81.698233
31549,31.928200,-82.714917
31550,31.147080,-82.595623
31551,31.495826,-82.273212
31552,31.289898,-82.599146
31553,31.181701,-81.972104
31554,31.486069,-82.620813
31555,31.705666,-82.080662
31556,31.414003,-82.112013
31557,31.375316,-82.098948
31558,30.899344,-81.427587
31560,31.499205,-82.021183
31561,31.209066,-81.309933
31562,30.422391,-82.170373
31563,31.751319,-82.181464
31565,31.066705,-81.632529
31566,31.182755,-81.805594
31567,31.630886,-82.706228
31568,31.013362,-81.819093
31569,30.896489,-81.697139
31601,30.758721,-83.319023
31602,30.868774,-83.342695
31605,30.929823,-83.223032
31606,30.806085,-83.190044
31620,31.117296,-83.434236
31622,31.378501,-83.192225
31623,31.074434,-82.644004
31624,31.296189,-82.730338
31625,30.992647,-83.533505
31626,30.778489,-83.796406
31627,31.043183,-83.392615
31629,30.816844,-83.689394
31630,30.950818,-82.876732
31631,30.643635,-82.741456
31632,30.987018,-83.360313
31634,31.042485,-82.767459
31635,31.096714,-83.048818
31636,30.730986,-83.111372
31637,31.295967,-83.440212
31638,30.906417,-83.512186
31639,31.216548,-83.190727
31641,30.919570,-83.092297
31642,31.262914,-82.882627
31643,30.773089,-83.556898
31645,31.060719,-83.218688
31647,31.208842,-83.427337
31648,30.706502,-83.019027
31649,30.963885,-82.995472
31650,31.395823,-83.025392
31698,30.848944,-83.289570
31699,30.974915,-83.205199
31701,31.552695,-84.159214
31705,31.516890,-84.042942
31707,31.586919,-84.206431
31709,32.064806,-84.123242
31711,32.190998,-84.130230
31712,31.834992,-83.707348
31714,31.720250,-83.693961
31716,31.358537,-84.127936
31719,32.090302,-84.310735
31720,30.878167,-83.724533
31721,31.525260,-84.301465
31722,31.067453,-83.622768
31730,31.194884,-84.310924
31733,31.593190,-83.489763
31735,31.969555,-83.973306
31738,31.012696,-83.871858
31743,31.908396,-83.991153
31744,31.341346,-83.901613
31747,31.176703,-83.587067
31749,31.413590,-83.327184
31750,31.736465,-83.215037
31756,31.183017,-83.965760
31757,30.871249,-83.903185
31763,31.750045,-84.139141
31764,31.976312,-84.088839
31765,31.087551,-84.027154
31768,31.189103,-83.841107
31771,31.248233,-83.654247
31772,31.724154,-83.961027
31773,30.973428,-84.048091
31774,31.565466,-83.263747
31775,31.330841,-83.598579
31778,30.974992,-83.700075
31779,31.108022,-84.211198
31780,32.031870,-84.388811
31781,31.560577,-83.796293
31783,31.758976,-83.470125
31784,31.247250,-84.036670
31787,31.899179,-84.243318
31788,31.111441,-83.676797
31789,31.479734,-83.739835
31790,31.652476,-83.577968
31791,31.529137,-83.894978
31792,30.770798,-84.043704
31793,31.462511,-83.593543
31794,31.445884,-83.452678
31795,31.473618,-83.687462
31796,31.770118,-83.856468
31798,31.613378,-83.065969
31801,32.519338,-84.594755
31803,32.285466,-84.493596
31804,32.662266,-84.913411
31805,32.263056,-84.739509
31806,32.263441,-84.322724
31807,32.638230,-84.800836
31808,32.631102,-85.013200
31810,32.568168,-84.524979
31811,32.740952,-84.928172
31812,32.640052,-84.402775
31814,32.215860,-84.845643
31815,32.030013,-84.844880
31816,32.881465,-84.608150
31820,32.579419,-84.824690
31821,32.116128,-84.963449
31822,32.864979,-84.910348
31823,32.810641,-84.822587
31824,32.051196,-84.519089
31825,32.116195,-84.670900
31826,32.792963,-84.703286
31827,32.686718,-84.521816
31829,32.562698,-84.731611
31830,32.900708,-84.729063
31831,32.685573,-84.706837
31832,31.958169,-84.614896
31833,32.842900,-85.091845
31836,32.796402,-84.535090
31901,32.465313,-84.980285
31903,32.414148,-84.954244
31904,32.554638,-85.010012
31905,32.378795,-84.906850
31906,32.467811,-84.950173
31907,32.482037,-84.901475
31909,32.548807,-84.924106
32003,30.095584,-81.710162
32008,29.926064,-82.914379
32009,30.422502,-81.973824
32011,30.571111,-81.839579
32024,30.092008,-82.730993
32025,30.107103,-82.579118
32026,30.054149,-82.181681
32033,29.788112,-81.434324
32034,30.609692,-81.491720
32038,29.935072,-82.692010
32040,30.243515,-82.238887
32043,29.937041,-81.732588
32044,29.859458,-82.169415
32046,30.701206,-81.916595
32052,30.486131,-82.936084
32053,30.575561,-83.126060
32054,30.033807,-82.394253
32055,30.270103,-82.624130
32058,30.107546,-82.106933
32059,30.384847,-83.256128
32060,30.274413,-83.036329
32061,30.097553,-82.510313
32062,30.137457,-82.978338
32063,30.247669,-82.112978
32064,30.295625,-82.984108
32065,30.152238,-81.797016
32066,30.039765,-83.205802
32068,30.083262,-81.890855
32071,30.058118,-82.955835
32072,30.188160,-82.424491
32073,30.169821,-81.739144
32079,29.977726,-81.807023
32080,29.818745,-81.272860
32081,30.131197,-81.407840
32082,30.125226,-81.369578
32083,30.114561,-82.232783
32084,29.918419,-81.367545
32086,29.766738,-81.306370
32087,30.377434,-82.280460
32091,29.929564,-82.127579
32092,29.939406,-81.508166
32094,30.188054,-82.821427
32095,30.022752,-81.406577
32096,30.534379,-82.626963
32097,30.661202,-81.618793
32102,29.137291,-81.546429
32110,29.428804,-81.339209
32112,29.431746,-81.565573
32113,29.409977,-82.089218
32114,29.192394,-81.046774
32117,29.235588,-81.063969
32118,29.209639,-81.002321
32119,29.161116,-81.025740
32124,29.170716,-81.141403
32127,29.106272,-80.973670
32128,29.100739,-81.071829
32129,29.136974,-81.023957
32130,29.148342,-81.341043
32131,29.684293,-81.562375
32132,28.979895,-80.920866
32133,29.020177,-81.909262
32134,29.385007,-81.837948
32136,29.463717,-81.147387
32137,29.581507,-81.218196
32139,29.372165,-81.587309
32140,29.762494,-81.866659
32141,28.928953,-80.919135
32145,29.677558,-81.421332
32147,29.590868,-81.777146
32148,29.617032,-81.883646
32157,29.467372,-81.578437
32159,28.933207,-81.898475
32162,28.914383,-81.989560
32164,29.517748,-81.230696
32168,28.963773,-81.029413
32169,28.965461,-80.866467
32174,29.284784,-81.161348
32176,29.331582,-81.062507
32177,29.690907,-81.708149
32179,29.088111,-81.895092
32180,29.236246,-81.396788
32181,29.507980,-81.601987
32187,29.578946,-81.550038
32189,29.550140,-81.647738
32190,29.343340,-81.489008
32193,29.504996,-81.645096
32195,28.988080,-81.886336
32202,30.324716,-81.647200
32204,30.317014,-81.680811
32205,30.298806,-81.721240
32206,30.350191,-81.638776
32207,30.289637,-81.640966
32208,30.393090,-81.682946
32209,30.361015,-81.696254
32210,30.266582,-81.745526
32211,30.332207,-81.582792
32212,30.216924,-81.666829
32216,30.277467,-81.582904
32217,30.229180,-81.621158
32218,30.487775,-81.667141
32219,30.427093,-81.818966
32220,30.368009,-81.871196
32221,30.256279,-81.853581
32222,30.216649,-81.828227
32223,30.156644,-81.649266
32224,30.270482,-81.468756
32225,30.357756,-81.505829
32226,30.481248,-81.506157
32227,30.389189,-81.404408
32228,30.391860,-81.400074
32233,30.358873,-81.419388
32234,30.225133,-81.984561
32244,30.217669,-81.752545
32246,30.293760,-81.517139
32250,30.280559,-81.412074
32254,30.340961,-81.734788
32256,30.175204,-81.472784
32257,30.189349,-81.612470
32258,30.140712,-81.551712
32259,30.075017,-81.586854
32266,30.317386,-81.409066
32277,30.377450,-81.593947
32301,30.427753,-84.258472
32303,30.515518,-84.341641
32304,30.452484,-84.353057
32305,30.332299,-84.300654
32308,30.477450,-84.226927
32309,30.566830,-84.097649
32310,30.385436,-84.512181
32311,30.390100,-84.180808
32312,30.605283,-84.229562
32317,30.470481,-84.116694
32320,29.731734,-85.111872
32321,30.265440,-84.979665
32322,29.953398,-84.579036
32323,29.891511,-84.613733
32324,30.654712,-84.783254
32327,30.182261,-84.305327
32328,29.751831,-84.909118
32330,30.579934,-84.750533
32331,30.444913,-83.637592
32332,30.620273,-84.677031
32333,30.607738,-84.417591
32334,30.266237,-84.742472
32336,30.260764,-83.847969
32340,30.460330,-83.433967
32343,30.478483,-84.504652
32344,30.526078,-83.962287
32346,29.990833,-84.384594
32347,30.174157,-83.611588
32348,29.977404,-83.596157
32350,30.574962,-83.325801
32351,30.520125,-84.675081
32352,30.662261,-84.591627
32355,30.172196,-84.208553
32356,29.859235,-83.415003
32358,30.105666,-84.558003
32359,29.680070,-83.386649
32361,30.357712,-83.988583
32399,30.437040,-84.282546
32401,30.159737,-85.660922
32403,30.048562,-85.553231
32404,30.189031,-85.506785
32405,30.202068,-85.667403
32407,30.198324,-85.790694
32408,30.142185,-85.732678
32409,30.356756,-85.653691
32410,29.995187,-85.414223
32413,30.310300,-85.905314
32420,30.632365,-85.384570
32421,30.524992,-85.172630
32423,30.943777,-85.048909
32424,30.362385,-85.083060
32425,30.853184,-85.720492
32426,30.946886,-85.370413
32427,30.710491,-85.792286
32428,30.615750,-85.572945
32430,30.418361,-85.234083
32431,30.787482,-85.410816
32432,30.714871,-85.077571
32433,30.851178,-86.200838
32435,30.648635,-86.130200
32437,30.436248,-85.909221
32438,30.501235,-85.424174
32439,30.468323,-86.112017
32440,30.922426,-85.526190
32442,30.678516,-85.016877
32443,30.872521,-85.109420
32444,30.239945,-85.651600
32445,30.970520,-85.197338
32446,30.848192,-85.231403
32447,30.759950,-85.251574
32448,30.671012,-85.223312
32449,30.286718,-85.239598
32455,30.638626,-85.962701
32456,29.838635,-85.298379
32459,30.360668,-86.185532
32460,30.764089,-84.954234
32461,30.289685,-86.027719
32462,30.554200,-85.833399
32463,30.631413,-85.590275
32464,30.902879,-85.952559
32465,30.007868,-85.181889
32466,30.394388,-85.512372
32501,30.428781,-87.222515
32502,30.409367,-87.223506
32503,30.459667,-87.213643
32504,30.472486,-87.186673
32505,30.454624,-87.260650
32506,30.391628,-87.369394
32507,30.340176,-87.374340
32508,30.350614,-87.316902
32509,30.468537,-87.342689
32511,30.406055,-87.291696
32514,30.531268,-87.221604
32526,30.499226,-87.365573
32530,30.598239,-87.030361
32531,30.884038,-86.683468
32533,30.610506,-87.326783
32534,30.528939,-87.281718
32535,30.963698,-87.346175
32536,30.763783,-86.591616
32539,30.779757,-86.478810
32541,30.392765,-86.469506
32542,30.464551,-86.525167
32544,30.426974,-86.696265
32547,30.474544,-86.667742
32548,30.403001,-86.650482
32550,30.384938,-86.345477
32561,30.347061,-87.113185
32563,30.396949,-87.028472
32564,30.728808,-86.781915
32565,30.892603,-87.131683
32566,30.435956,-86.880343
32567,30.923726,-86.449136
32568,30.873178,-87.449977
32569,30.410287,-86.731484
32570,30.804825,-86.967268
32571,30.674660,-87.208410
32577,30.727473,-87.365012
32578,30.506696,-86.447541
32579,30.450903,-86.573473
32580,30.490075,-86.514818
32583,30.592511,-86.971003
32601,29.648970,-82.324941
32603,29.656712,-82.347500
32605,29.679180,-82.372822
32606,29.682064,-82.444115
32607,29.647414,-82.419109
32608,29.597009,-82.407808
32609,29.772187,-82.283422
32612,29.643120,-82.353845
32615,29.819084,-82.486161
32616,29.788495,-82.495256
32617,29.308388,-82.074366
32618,29.545873,-82.516538
32619,29.762485,-82.859957
32621,29.424698,-82.610144
32622,29.908054,-82.318845
32625,29.200616,-83.004494
32626,29.423864,-82.899324
32628,29.625434,-83.207000
32631,29.704429,-82.092511
32639,29.227004,-82.712558
32640,29.580725,-82.083956
32641,29.642524,-82.231714
32643,29.826879,-82.633648
32648,29.503781,-83.270475
32653,29.745052,-82.393830
32656,29.813684,-81.959454
32658,29.850467,-82.390755
32664,29.446478,-82.216667
32666,29.723637,-81.997495
32667,29.513704,-82.304844
32668,29.257343,-82.474807
32669,29.632156,-82.589919
32680,29.542562,-83.132310
32681,29.423388,-82.205579
32683,29.295239,-82.786235
32686,29.355545,-82.275017
32692,29.333326,-83.122541
32693,29.626478,-82.785309
32694,29.807872,-82.144393
32696,29.397586,-82.461744
32697,29.929756,-82.431439
32701,28.665648,-81.370302
32702,29.044191,-81.627474
32703,28.671439,-81.553055
32707,28.663959,-81.315021
32708,28.687105,-81.273445
32709,28.477586,-80.976760
32712,28.748602,-81.480140
32713,28.883730,-81.325287
32714,28.662553,-81.411702
32720,29.003383,-81.368584
32724,29.057205,-81.225576
32725,28.886189,-81.251417
32726,28.855051,-81.678843
32730,28.654162,-81.343713
32732,28.751037,-81.102119
32735,28.890420,-81.739041
32736,28.916650,-81.489277
32738,28.905193,-81.184537
32744,28.988477,-81.219379
32746,28.771236,-81.354660
32750,28.708784,-81.350801
32751,28.630400,-81.365046
32754,28.687109,-80.919193
32757,28.773053,-81.638118
32759,28.825537,-80.902691
32763,28.941297,-81.296816
32764,28.852537,-81.101799
32765,28.663876,-81.196278
32766,28.647702,-81.044726
32767,29.026591,-81.534474
32771,28.813571,-81.324958
32773,28.754849,-81.246937
32776,28.820155,-81.508894
32778,28.773373,-81.730074
32779,28.727263,-81.414779
32780,28.533319,-80.792029
32784,28.974319,-81.716779
32789,28.599188,-81.352273
32792,28.610096,-81.298342
32796,28.625287,-80.845853
32798,28.723731,-81.587720
32801,28.541774,-81.374351
32803,28.555829,-81.346291
32804,28.578290,-81.396428
32805,28.529380,-81.403667
32806,28.511789,-81.360438
32807,28.554337,-81.299480
32808,28.580110,-81.444300
32809,28.462146,-81.385959
32810,28.625101,-81.427690
32811,28.521568,-81.447421
32812,28.483991,-81.322838
32814,28.572584,-81.322358
32817,28.591012,-81.243652
32818,28.586751,-81.486895
32819,28.453375,-81.472395
32820,28.576844,-81.139725
32821,28.381999,-81.479599
32822,28.489898,-81.290154
32824,28.384164,-81.333040
32825,28.518028,-81.229003
32826,28.579737,-81.188811
32827,28.415581,-81.298990
32828,28.529031,-81.166578
32829,28.484569,-81.246089
32830,28.383036,-81.573708
32831,28.474506,-81.131105
32832,28.403180,-81.191537
32833,28.494294,-81.083265
32835,28.518730,-81.486227
32836,28.407659,-81.519798
32837,28.379425,-81.429129
32839,28.488069,-81.407208
32901,28.079399,-80.623617
32903,28.104536,-80.593357
32904,28.066492,-80.678444
32905,28.031366,-80.600414
32907,28.020804,-80.681247
32908,27.956344,-80.698949
32909,27.919258,-80.644232
32920,28.396235,-80.615050
32922,28.372999,-80.742906
32925,28.246109,-80.629046
32926,28.388697,-80.818152
32927,28.457716,-80.812289
32931,28.323196,-80.623102
32934,28.135322,-80.713049
32935,28.145509,-80.649958
32937,28.178766,-80.601770
32940,28.199120,-80.781941
32948,27.888805,-80.733582
32949,27.909840,-80.560449
32950,27.980573,-80.569593
32951,27.947247,-80.504610
32952,28.310930,-80.660577
32953,28.441679,-80.702628
32955,28.296697,-80.725043
32958,27.794384,-80.491460
32960,27.641533,-80.402619
32962,27.587819,-80.382865
32963,27.718239,-80.393276
32966,27.683533,-80.707717
32967,27.715491,-80.454288
32968,27.584207,-80.472479
32970,27.750386,-80.450484
32976,27.846262,-80.554114
33001,24.817130,-80.806001
33004,26.057838,-80.137801
33009,25.985129,-80.147261
33010,25.833202,-80.278720
33012,25.866106,-80.301115
33013,25.862190,-80.269677
33014,25.903100,-80.302654
33015,25.940565,-80.318180
33016,25.896066,-80.333140
33018,25.917734,-80.384416
33019,26.027459,-80.120219
33020,26.019191,-80.152944
33021,26.023130,-80.186539
33023,25.989200,-80.217067
33024,26.027148,-80.244713
33025,25.988210,-80.281374
33026,26.026198,-80.295994
33027,25.988101,-80.340444
33028,26.021034,-80.340397
33029,25.974621,-80.420075
33030,25.485147,-80.510882
33031,25.524982,-80.500875
33032,25.531517,-80.390800
33033,25.481199,-80.414925
33034,25.274332,-80.632552
33035,25.409275,-80.384155
33036,24.893835,-80.710993
33037,25.228322,-80.395451
33039,25.501679,-80.398423
33040,24.560908,-81.889478
33042,24.682083,-81.510666
33043,24.725861,-81.329949
33050,24.747487,-81.010326
33051,24.723406,-81.021647
33054,25.908575,-80.265122
33055,25.948468,-80.278855
33056,25.948877,-80.243582
33060,26.234776,-80.120591
33062,26.241077,-80.091233
33063,26.251909,-80.208929
33064,26.278502,-80.115300
33065,26.274498,-80.260400
33066,26.252615,-80.170374
33067,26.305788,-80.223371
33068,26.215954,-80.217951
33069,26.235830,-80.157100
33070,25.017205,-80.518498
33071,26.244602,-80.265312
33073,26.298240,-80.181415
33076,26.315322,-80.277978
33101,25.779298,-80.198739
33109,25.756717,-80.140066
33122,25.794856,-80.288375
33125,25.783849,-80.236090
33126,25.779400,-80.299475
33127,25.813175,-80.205808
33128,25.776168,-80.203733
33129,25.750167,-80.190028
33130,25.768524,-80.203359
33131,25.766206,-80.182897
33132,25.777890,-80.176165
33133,25.728662,-80.239996
33134,25.753332,-80.270379
33135,25.766544,-80.235095
33136,25.787182,-80.204722
33137,25.816281,-80.171528
33138,25.853764,-80.178006
33139,25.779808,-80.153200
33140,25.819714,-80.133711
33141,25.851854,-80.138726
33142,25.812043,-80.238614
33143,25.703032,-80.297375
33144,25.763458,-80.312667
33145,25.753132,-80.234427
33146,25.720850,-80.272571
33147,25.851225,-80.238166
33149,25.719513,-80.168541
33150,25.852190,-80.207174
33154,25.883337,-80.131831
33155,25.736887,-80.310768
33156,25.668203,-80.297010
33157,25.606126,-80.343496
33158,25.638840,-80.311316
33160,25.933997,-80.135801
33161,25.893664,-80.181539
33162,25.927997,-80.177175
33165,25.734345,-80.358271
33166,25.827855,-80.316183
33167,25.884867,-80.239362
33168,25.893051,-80.209181
33169,25.943117,-80.214686
33170,25.557912,-80.457897
33172,25.786909,-80.361253
33173,25.702320,-80.357503
33174,25.761518,-80.364697
33175,25.734787,-80.406761
33176,25.659873,-80.358354
33177,25.596129,-80.404194
33178,25.834607,-80.422908
33179,25.957620,-80.179998
33180,25.960389,-80.143113
33181,25.897992,-80.152331
33182,25.780654,-80.457553
33183,25.702563,-80.404682
33184,25.759711,-80.406473
33185,25.726359,-80.450733
33186,25.654426,-80.412156
33187,25.595896,-80.506909
33189,25.572213,-80.335434
33190,25.560027,-80.349887
33193,25.700770,-80.465111
33194,25.714005,-80.583757
33196,25.652131,-80.490508
33301,26.121323,-80.127909
33304,26.140411,-80.121184
33305,26.153361,-80.119440
33306,26.165442,-80.113853
33308,26.188511,-80.104988
33309,26.185990,-80.172721
33311,26.144208,-80.172785
33312,26.088128,-80.181807
33313,26.151527,-80.227316
33314,26.067601,-80.222643
33315,26.087015,-80.152994
33316,26.098738,-80.121896
33317,26.112600,-80.227875
33319,26.181382,-80.225802
33321,26.213579,-80.270272
33322,26.151064,-80.269953
33323,26.151721,-80.320963
33324,26.112485,-80.274940
33325,26.112043,-80.318317
33326,26.114333,-80.370670
33327,26.111220,-80.419892
33328,26.068175,-80.274812
33330,26.060831,-80.319086
33331,26.059533,-80.368583
33332,26.006735,-80.460152
33334,26.182586,-80.133578
33351,26.179526,-80.275008
33401,26.715844,-80.070249
33403,26.803747,-80.076368
33404,26.781022,-80.063738
33405,26.669649,-80.058452
33406,26.664093,-80.092407
33407,26.757692,-80.091172
33408,26.840483,-80.052158
33409,26.714559,-80.095821
33410,26.845662,-80.087350
33411,26.720012,-80.193151
33412,26.794532,-80.207075
33413,26.663779,-80.151724
33414,26.648920,-80.246459
33415,26.660205,-80.126573
33417,26.719196,-80.124507
33418,26.872713,-80.165712
33426,26.533736,-80.083152
33428,26.352906,-80.207938
33430,26.641965,-80.554002
33431,26.374760,-80.106200
33432,26.343902,-80.082735
33433,26.347159,-80.159235
33434,26.382712,-80.167138
33435,26.525785,-80.061367
33436,26.522954,-80.107263
33437,26.512045,-80.148962
33438,26.931927,-80.600690
33440,26.564765,-81.037840
33441,26.311098,-80.097874
33442,26.309175,-80.149813
33444,26.458903,-80.079637
33445,26.455331,-80.106353
33446,26.450443,-80.186185
33449,26.589949,-80.232713
33455,27.053143,-80.161232
33458,26.936558,-80.131851
33460,26.619664,-80.056715
33461,26.620406,-80.090703
33462,26.580020,-80.072282
33463,26.593240,-80.128244
33467,26.596362,-80.175602
33469,26.989221,-80.108541
33470,26.729431,-80.319858
33471,26.884624,-81.198234
33472,26.538476,-80.185568
33473,26.503777,-80.191610
33476,26.802148,-80.624722
33477,26.920226,-80.076589
33478,26.935021,-80.246071
33480,26.686371,-80.042626
33483,26.462644,-80.061718
33484,26.454253,-80.134427
33486,26.347501,-80.112571
33487,26.415376,-80.088811
33493,26.538819,-80.728719
33496,26.406722,-80.160556
33498,26.386067,-80.219558
33503,27.763831,-82.276174
33510,27.955637,-82.296693
33511,27.909778,-82.295738
33513,28.714262,-82.194963
33514,28.686313,-81.994700
33521,28.798271,-82.068553
33523,28.418520,-82.221022
33525,28.341644,-82.198380
33527,27.973749,-82.212806
33534,27.828452,-82.379097
33538,28.849949,-82.185110
33540,28.256897,-82.133000
33541,28.236875,-82.228214
33542,28.235780,-82.177617
33543,28.212775,-82.296369
33544,28.254039,-82.366223
33545,28.272663,-82.296721
33547,27.789947,-82.135828
33548,28.146279,-82.482303
33549,28.137944,-82.446252
33556,28.134809,-82.591459
33558,28.165483,-82.511234
33559,28.161006,-82.414667
33563,28.017222,-82.124953
33565,28.085906,-82.148114
33566,27.977965,-82.095709
33567,27.920609,-82.116772
33569,27.846464,-82.288630
33570,27.690400,-82.460081
33572,27.761109,-82.408580
33573,27.722860,-82.356923
33576,28.335735,-82.337831
33578,27.862200,-82.350044
33579,27.796231,-82.293653
33584,28.005479,-82.294300
33585,28.730872,-82.086057
33592,28.101871,-82.283236
33594,27.940934,-82.242479
33596,27.887215,-82.225870
33597,28.545531,-82.080532
33598,27.693423,-82.284659
33602,27.953530,-82.457113
33603,27.985618,-82.464439
33604,28.017154,-82.455350
33605,27.951122,-82.429680
33606,27.917452,-82.452279
33607,27.962012,-82.492176
33609,27.944272,-82.517675
33610,27.998214,-82.378016
33611,27.891345,-82.505665
33612,28.050827,-82.449573
33613,28.083973,-82.450768
33614,28.004724,-82.506088
33615,28.005103,-82.580284
33616,27.865136,-82.535394
33617,28.035792,-82.391538
33618,28.074807,-82.498405
33619,27.935372,-82.378690
33620,28.061368,-82.412801
33621,27.841658,-82.493273
33624,28.080255,-82.528248
33625,28.066876,-82.561218
33626,28.067045,-82.620348
33629,27.921536,-82.509043
33634,28.009826,-82.547789
33635,28.027644,-82.619933
33637,28.039845,-82.367516
33647,28.126958,-82.354093
33701,27.770793,-82.632806
33702,27.846613,-82.628690
33703,27.817056,-82.619750
33704,27.796346,-82.628737
33705,27.734491,-82.643403
33706,27.740169,-82.751128
33707,27.754314,-82.722280
33708,27.817558,-82.801134
33709,27.816844,-82.731621
33710,27.790669,-82.730734
33711,27.738611,-82.687520
33712,27.734375,-82.667894
33713,27.788266,-82.677461
33714,27.815246,-82.677708
33715,27.662680,-82.722404
33716,27.875060,-82.648609
33744,27.807226,-82.773074
33755,27.979914,-82.780506
33756,27.945591,-82.793988
33759,27.975284,-82.701482
33760,27.907544,-82.714236
33761,28.033061,-82.724374
33762,27.899189,-82.679506
33763,28.002884,-82.743408
33764,27.934474,-82.740109
33765,27.974876,-82.745121
33767,27.974748,-82.826777
33770,27.915173,-82.804068
33771,27.906822,-82.758784
33772,27.844208,-82.796854
33773,27.882294,-82.755920
33774,27.883819,-82.827877
33776,27.850256,-82.825814
33777,27.853532,-82.759349
33778,27.888593,-82.798546
33781,27.838362,-82.714996
33782,27.859631,-82.708145
33785,27.891841,-82.849979
33786,27.927096,-82.833345
33801,28.035979,-81.899636
33803,28.009358,-81.932662
33805,28.100700,-81.908334
33809,28.221336,-81.973942
33810,28.131800,-82.030327
33811,27.984396,-82.015259
33812,27.971442,-81.894476
33813,27.965132,-81.939522
33815,28.041258,-81.997590
33823,28.085735,-81.813731
33825,27.620252,-81.458826
33827,27.815891,-81.508647
33830,27.873430,-81.812659
33834,27.620292,-82.001559
33837,28.194772,-81.587510
33838,28.019442,-81.614048
33839,27.976828,-81.750498
33841,27.741146,-81.754602
33843,27.720799,-81.532956
33844,28.089064,-81.589938
33847,27.802754,-81.822039
33848,28.283377,-81.505262
33849,28.226068,-82.068886
33850,28.122376,-81.732660
33851,28.044636,-81.623893
33852,27.239337,-81.373963
33853,27.900707,-81.584450
33854,27.856440,-81.410106
33855,27.795372,-81.352760
33856,27.856354,-81.428375
33857,27.336195,-81.189442
33859,27.872695,-81.626401
33860,27.762895,-82.025348
33865,27.433787,-81.963257
33867,27.777856,-81.195762
33868,28.240843,-81.826617
33870,27.506929,-81.408456
33872,27.505251,-81.545953
33873,27.570917,-81.781173
33875,27.392358,-81.510491
33876,27.412594,-81.359530
33877,27.985755,-81.612232
33880,27.979055,-81.779946
33881,28.056447,-81.711644
33884,27.978480,-81.672447
33890,27.432793,-81.699984
33896,28.256905,-81.582850
33897,28.285129,-81.688464
33898,27.840809,-81.372964
33901,26.621074,-81.878139
33903,26.679968,-81.906630
33904,26.576012,-81.944393
33905,26.667872,-81.760927
33907,26.563891,-81.870266
33908,26.515834,-81.979469
33909,26.693201,-81.945126
33912,26.534017,-81.826175
33913,26.514239,-81.696796
33914,26.554392,-82.020944
33916,26.637103,-81.838448
33917,26.738607,-81.844783
33919,26.556626,-81.901095
33920,26.742298,-81.636050
33921,26.772225,-82.252804
33922,26.638155,-82.162513
33924,26.617555,-82.209305
33928,26.399034,-81.704725
33930,26.567132,-81.406708
33931,26.433124,-81.902995
33935,26.760319,-81.432856
33936,26.623407,-81.601499
33944,26.994441,-81.291040
33945,26.602325,-82.220531
33946,26.847524,-82.281369
33947,26.887601,-82.265696
33948,26.985889,-82.151742
33950,26.902989,-82.046244
33952,26.986134,-82.097042
33953,26.999702,-82.212275
33954,27.024724,-82.122407
33955,26.816404,-81.993627
33956,26.546315,-82.143657
33957,26.463920,-82.093031
33960,27.044099,-81.402766
33965,26.463373,-81.773019
33966,26.591622,-81.830726
33967,26.471507,-81.812240
33971,26.639584,-81.699699
33972,26.649280,-81.616279
33973,26.607864,-81.724636
33974,26.562706,-81.601925
33976,26.591277,-81.686130
33980,26.983504,-82.043606
33981,26.918213,-82.219616
33982,26.910534,-81.767196
33983,27.009117,-82.017871
33990,26.627990,-81.944774
33991,26.625361,-82.026215
33993,26.692897,-82.034065
34101,26.032137,-81.761821
34102,26.137498,-81.799105
34103,26.193911,-81.806496
34104,26.149955,-81.741562
34105,26.190046,-81.764777
34108,26.246308,-81.808323
34109,26.240842,-81.763823
34110,26.300417,-81.788460
34112,26.120498,-81.741578
34113,26.043649,-81.732424
34114,25.943846,-81.538206
34116,26.189294,-81.710803
34117,26.181030,-81.605176
34119,26.268263,-81.714054
34120,26.326101,-81.570093
34134,26.353032,-81.824050
34135,26.355541,-81.754320
34137,25.942746,-81.383178
34138,25.816512,-81.368569
34139,25.830885,-81.403372
34140,25.925194,-81.662917
34141,25.946906,-81.096079
34142,26.342595,-81.313304
34145,25.904093,-81.675851
34201,27.401680,-82.468524
34202,27.406267,-82.388721
34203,27.440337,-82.509384
34205,27.484084,-82.581821
34207,27.438677,-82.579674
34208,27.487487,-82.515923
34209,27.500129,-82.651386
34210,27.439524,-82.620816
34211,27.453604,-82.377071
34212,27.497814,-82.408401
34215,27.471141,-82.685924
34216,27.536772,-82.732652
34217,27.491178,-82.705018
34219,27.576471,-82.299218
34221,27.581094,-82.554803
34222,27.538965,-82.507024
34223,26.982666,-82.354200
34224,26.917571,-82.303940
34228,27.402247,-82.638767
34229,27.192291,-82.485189
34231,27.266027,-82.516651
34232,27.324987,-82.471714
34233,27.280031,-82.476631
34234,27.368298,-82.543091
34235,27.369735,-82.476464
34236,27.316487,-82.553527
34237,27.338992,-82.512645
34238,27.235792,-82.470536
34239,27.310893,-82.521168
34240,27.364246,-82.319337
34241,27.250668,-82.377574
34242,27.260222,-82.540907
34243,27.401013,-82.527887
34251,27.377731,-82.171544
34266,27.192286,-81.820248
34268,27.149245,-81.895327
34269,27.067597,-82.013096
34275,27.151792,-82.422444
34285,27.094564,-82.440895
34286,27.080871,-82.181256
34287,27.052571,-82.244353
34288,27.051628,-82.114523
34289,27.079862,-82.132601
34291,27.094062,-82.240218
34292,27.101944,-82.341525
34293,27.025247,-82.346959
34420,29.052734,-82.036487
34428,28.956773,-82.647566
34429,28.850605,-82.667285
34431,29.141620,-82.529999
34432,29.088393,-82.381536
34433,29.002221,-82.524892
34434,28.995934,-82.439628
34436,28.720580,-82.297980
34442,28.937049,-82.386522
34445,28.967990,-82.420744
34446,28.747280,-82.522160
34448,28.767011,-82.625191
34449,29.074720,-82.679451
34450,28.830041,-82.266009
34452,28.816271,-82.343698
34453,28.873782,-82.335157
34461,28.866144,-82.494509
34465,28.929489,-82.489202
34470,29.198907,-82.087425
34471,29.160555,-82.130765
34472,29.109474,-81.997364
34473,29.005695,-82.183950
34474,29.156427,-82.209453
34475,29.258755,-82.167075
34476,29.081607,-82.196830
34479,29.255724,-82.109112
34480,29.102401,-82.096588
34481,29.125538,-82.309895
34482,29.244387,-82.275029
34484,28.945021,-82.097527
34488,29.228090,-81.938619
34491,28.995627,-82.055143
34498,29.031552,-82.736087
34601,28.588628,-82.351186
34602,28.502482,-82.282351
34604,28.476942,-82.434791
34606,28.468477,-82.595728
34607,28.486761,-82.633021
34608,28.482826,-82.552854
34609,28.479476,-82.507906
34610,28.369422,-82.511021
34613,28.579241,-82.568289
34614,28.644303,-82.535086
34637,28.307737,-82.464718
34638,28.256862,-82.512738
34639,28.265430,-82.423239
34652,28.237490,-82.737964
34653,28.244081,-82.688478
34654,28.294894,-82.628238
34655,28.203310,-82.619283
34661,28.604751,-82.245271
34667,28.391424,-82.662659
34668,28.300793,-82.708521
34669,28.355990,-82.609842
34677,28.037526,-82.673020
34679,28.432204,-82.661230
34681,28.082819,-82.775960
34683,28.087706,-82.761134
34684,28.080744,-82.726829
34685,28.093299,-82.689364
34688,28.147125,-82.678972
34689,28.148306,-82.759877
34690,28.193745,-82.725706
34691,28.198023,-82.816078
34695,28.008208,-82.688404
34698,28.037553,-82.786320
34705,28.699567,-81.718909
34711,28.530496,-81.753341
34714,28.403094,-81.777493
34715,28.631016,-81.726055
34731,28.864109,-81.898631
34734,28.537003,-81.515454
34736,28.556499,-81.899739
34737,28.692308,-81.796739
34739,27.930540,-81.117032
34741,28.306370,-81.427060
34743,28.329308,-81.355152
34744,28.300969,-81.329377
34746,28.238826,-81.445346
34747,28.311495,-81.595565
34748,28.768405,-81.882911
34753,28.577078,-81.885914
34756,28.583655,-81.684108
34758,28.192068,-81.485428
34759,28.103908,-81.419378
34760,28.554727,-81.632166
34761,28.578577,-81.534116
34762,28.757379,-81.920610
34769,28.244625,-81.290847
34771,28.284307,-81.173730
34772,28.163035,-81.264079
34773,28.159876,-81.007582
34785,28.837287,-82.040622
34786,28.487141,-81.551904
34787,28.484923,-81.619305
34788,28.895617,-81.808248
34797,28.730468,-81.826624
34945,27.437265,-80.557230
34946,27.503294,-80.360480
34947,27.453617,-80.373764
34949,27.467258,-80.299808
34950,27.443788,-80.330974
34951,27.532134,-80.418954
34952,27.296128,-80.299313
34953,27.243974,-80.382320
34956,27.094656,-80.498888
34957,27.280287,-80.238923
34972,27.509388,-80.929139
34974,27.145973,-80.949686
34981,27.395528,-80.377424
34982,27.373264,-80.308018
34983,27.324139,-80.350299
34984,27.248984,-80.330574
34986,27.327734,-80.401918
34987,27.290285,-80.497120
34990,27.137133,-80.346948
34994,27.200948,-80.257153
34996,27.192817,-80.189813
34997,27.055637,-80.270195
35004,33.603426,-86.493789
35005,33.595950,-87.000649
35006,33.422765,-87.209730
35007,33.215623,-86.797656
35010,32.916719,-85.940589
35013,33.902168,-86.517777
35014,33.355851,-86.261678
35016,34.323870,-86.502006
35019,34.302078,-86.634094
35020,33.402429,-86.951784
35022,33.322849,-86.971458
35023,33.467828,-87.088219
35031,34.097505,-86.555035
35032,33.264859,-86.336417
35033,33.926475,-87.031801
35034,32.911122,-87.271681
35035,33.043682,-86.968442
35036,33.643922,-86.919599
35040,33.102967,-86.728894
35042,32.957991,-87.103816
35043,33.314842,-86.659872
35044,33.243975,-86.380759
35045,32.799962,-86.676761
35046,32.931141,-86.534157
35049,33.961807,-86.612064
35051,33.205032,-86.618915
35052,33.590682,-86.409897
35053,34.054155,-87.073701
35054,33.502019,-86.337925
35055,34.151121,-86.758808
35057,34.180462,-86.934257
35058,34.228856,-86.737261
35060,33.557750,-86.951726
35061,33.472006,-86.955940
35062,33.724920,-87.010252
35063,33.818273,-87.020552
35064,33.476072,-86.920253
35068,33.607519,-86.831073
35070,34.009280,-86.757878
35071,33.694975,-86.848078
35072,33.093498,-86.066947
35073,33.651226,-86.986831
35074,33.222349,-87.124270
35077,34.021165,-86.832668
35078,33.324420,-86.444966
35079,33.937880,-86.758349
35080,33.260081,-86.911474
35082,33.158024,-86.153863
35083,34.199871,-86.599170
35085,32.976498,-86.739181
35087,34.306453,-86.584296
35089,32.945782,-86.081832
35091,33.779236,-86.789554
35094,33.530066,-86.553303
35096,33.620336,-86.107668
35097,33.892188,-86.627133
35098,34.121100,-87.046880
35111,33.284352,-87.094878
35112,33.691077,-86.470578
35114,33.224414,-86.879318
35115,33.142473,-86.891528
35116,33.731294,-86.769946
35117,33.667778,-86.892599
35118,33.527419,-87.034686
35119,33.646571,-86.770930
35120,33.666809,-86.423755
35121,33.941185,-86.455102
35124,33.321830,-86.742197
35125,33.633384,-86.288692
35126,33.730771,-86.655119
35127,33.491657,-86.976425
35128,33.552400,-86.337819
35130,33.633156,-87.136688
35131,33.727425,-86.196829
35133,33.829650,-86.596151
35135,33.616462,-86.199595
35136,32.879247,-86.286795
35139,33.714126,-86.973966
35143,33.100837,-86.543020
35146,33.795070,-86.453279
35147,33.415884,-86.530992
35148,33.755959,-87.045787
35149,33.249870,-86.187275
35150,33.189306,-86.238384
35151,33.081343,-86.392211
35160,33.356656,-86.052297
35171,32.882540,-86.740256
35172,33.845155,-86.695313
35173,33.655407,-86.563109
35175,34.435679,-86.511374
35176,33.485382,-86.498033
35178,33.419769,-86.398435
35179,34.273307,-86.968970
35180,33.820305,-86.840317
35183,33.016108,-86.352010
35184,33.114345,-87.136714
35186,33.256733,-86.510291
35187,33.080534,-86.885794
35188,33.180336,-87.163635
35203,33.518601,-86.809807
35204,33.522114,-86.839847
35205,33.494995,-86.808077
35206,33.569909,-86.712978
35207,33.564931,-86.823589
35208,33.496819,-86.879298
35209,33.466348,-86.811516
35210,33.541558,-86.669460
35211,33.455086,-86.856459
35212,33.547391,-86.752910
35213,33.506671,-86.744458
35214,33.576837,-86.893456
35215,33.649002,-86.707425
35216,33.419246,-86.789433
35217,33.607882,-86.760265
35218,33.507667,-86.893995
35221,33.449487,-86.898962
35222,33.523712,-86.770115
35223,33.488141,-86.734834
35224,33.517287,-86.943842
35226,33.399153,-86.845896
35228,33.456099,-86.920957
35229,33.465794,-86.788551
35233,33.508748,-86.801964
35234,33.540811,-86.802758
35235,33.624485,-86.647907
35242,33.425247,-86.672084
35243,33.440918,-86.741508
35244,33.352918,-86.825333
35254,33.516225,-86.857550
35401,33.170238,-87.616169
35404,33.215157,-87.483406
35405,33.120607,-87.538904
35406,33.338867,-87.469325
35441,32.852762,-87.750329
35442,33.077211,-88.202696
35443,32.755279,-88.000762
35444,33.328725,-87.292884
35446,33.207796,-87.751031
35447,33.251868,-88.157754
35452,33.278190,-87.680702
35453,33.163776,-87.389459
35456,33.063695,-87.414750
35457,33.304137,-87.773144
35458,33.410606,-87.806583
35459,32.791636,-88.275851
35460,32.713161,-88.153712
35461,33.417374,-88.213613
35462,32.920473,-87.967463
35463,33.064731,-87.682451
35464,32.806130,-88.154590
35466,33.248527,-87.919484
35469,32.973874,-87.781565
35470,32.561974,-88.066347
35473,33.270519,-87.581613
35474,32.940566,-87.591200
35475,33.434380,-87.593996
35476,33.227470,-87.591277
35477,32.956143,-88.240989
35480,33.078038,-87.819226
35481,33.394624,-88.037417
35490,33.218419,-87.238215
35501,33.818910,-87.292749
35503,33.936479,-87.305113
35504,33.894135,-87.170812
35540,34.234693,-87.209720
35541,34.081325,-87.174349
35542,33.719014,-87.675988
35543,34.211156,-87.758438
35544,33.959985,-88.017137
35545,33.651546,-87.934880
35546,33.619425,-87.542714
35548,34.056419,-87.750485
35549,33.851343,-87.544905
35550,33.745429,-87.160466
35552,34.072276,-88.142204
35553,34.126879,-87.383136
35554,33.885727,-87.671678
35555,33.658512,-87.815637
35559,33.905485,-87.728143
35563,33.977608,-87.903722
35564,34.258833,-87.845260
35565,34.236960,-87.563402
35570,34.163750,-87.993165
35571,34.368708,-87.944108
35572,34.201272,-87.282580
35574,33.567578,-87.949993
35575,34.036179,-87.588153
35576,33.575382,-88.143851
35577,34.102378,-87.620057
35578,33.980483,-87.466391
35579,33.636267,-87.360324
35580,33.673294,-87.255549
35581,34.359912,-87.713097
35582,34.486800,-88.112899
35584,33.819369,-87.088014
35585,34.420835,-87.832483
35586,33.877914,-88.134094
35587,33.795541,-87.456888
35592,33.746099,-88.084807
35593,34.339101,-88.095624
35594,33.932693,-87.774369
35601,34.608016,-87.011052
35603,34.535452,-86.971226
35610,34.954456,-87.245961
35611,34.773833,-87.084145
35613,34.820160,-86.882412
35614,34.853722,-86.990112
35615,34.662737,-86.875419
35616,34.739504,-88.019381
35618,34.641403,-87.304983
35619,34.382723,-87.152105
35620,34.930812,-87.020185
35621,34.348973,-86.729536
35622,34.346590,-86.898961
35630,34.822980,-87.661652
35633,34.875101,-87.798371
35634,34.919270,-87.614548
35640,34.440702,-86.943677
35643,34.672577,-87.201931
35645,34.903048,-87.500965
35646,34.677104,-87.523343
35647,34.967655,-87.117034
35648,34.958660,-87.387836
35649,34.617619,-86.869284
35650,34.447233,-87.308593
35651,34.469857,-87.495702
35652,34.846744,-87.310208
35653,34.518191,-87.871965
35654,34.497789,-87.632269
35660,34.755494,-87.701265
35661,34.768526,-87.562802
35670,34.455176,-86.729344
35671,34.683544,-86.935107
35672,34.648533,-87.406487
35673,34.576336,-87.137349
35674,34.662410,-87.781902
35677,34.955707,-88.026555
35739,34.968586,-86.791036
35740,34.965286,-85.777448
35741,34.718016,-86.479004
35744,34.610532,-85.909141
35745,34.943416,-86.180179
35746,34.828619,-86.005957
35747,34.494944,-86.298989
35748,34.721079,-86.389356
35749,34.822236,-86.757820
35750,34.956179,-86.589482
35751,34.811157,-86.276460
35752,34.745900,-85.946047
35754,34.525492,-86.604467
35755,34.488768,-86.150101
35756,34.643700,-86.818151
35757,34.784218,-86.745309
35758,34.711417,-86.746510
35759,34.868262,-86.545831
35760,34.543906,-86.383856
35761,34.916206,-86.409214
35763,34.622047,-86.461788
35764,34.726301,-86.310155
35765,34.690313,-85.814085
35766,34.867485,-86.299884
35768,34.768891,-86.104193
35769,34.597984,-86.104809
35771,34.538598,-86.005423
35772,34.937146,-85.948547
35773,34.891069,-86.707941
35774,34.765246,-86.226525
35775,34.542934,-86.705959
35776,34.659404,-86.239414
35801,34.725269,-86.560866
35802,34.668212,-86.558882
35803,34.563461,-86.519399
35805,34.709368,-86.620290
35806,34.760774,-86.685762
35808,34.633027,-86.659057
35810,34.803193,-86.601445
35811,34.795354,-86.509948
35816,34.739954,-86.630751
35824,34.644914,-86.752068
35896,34.754673,-86.654641
35901,34.049376,-85.934301
35903,34.024270,-85.863703
35904,34.070560,-85.990098
35905,33.961400,-85.922422
35906,33.927149,-86.095113
35907,33.890841,-86.018020
35950,34.249750,-86.261097
35951,34.339098,-86.162297
35952,34.052385,-86.310738
35953,33.809618,-86.229742
35954,34.089754,-86.057449
35956,34.146146,-86.146749
35957,34.196159,-86.196898
35958,34.916005,-85.645957
35959,34.242383,-85.607959
35960,34.124328,-85.570557
35961,34.303952,-85.846214
35962,34.303881,-86.036441
35963,34.359787,-85.927200
35966,34.786981,-85.674167
35967,34.407663,-85.694569
35968,34.551098,-85.738915
35971,34.455491,-85.945131
35972,33.993999,-86.246870
35973,34.344016,-85.551513
35974,34.362751,-86.010291
35975,34.436463,-86.060368
35976,34.345767,-86.330025
35978,34.642798,-85.728979
35979,34.832324,-85.609647
35980,34.172088,-86.389606
35981,34.722345,-85.648802
35983,34.172914,-85.766300
35984,34.536843,-85.563859
35986,34.500336,-85.835889
35987,33.913370,-86.242208
35988,34.557662,-85.796490
35989,34.613541,-85.619853
35990,34.067780,-86.304688
36003,32.451904,-86.723821
36005,31.888214,-85.719600
36006,32.646560,-86.722096
36009,31.594781,-86.301377
36010,31.659777,-85.798448
36013,32.284669,-85.985235
36016,31.850223,-85.414706
36017,31.679443,-85.557720
36020,32.479374,-86.322997
36022,32.623499,-86.405578
36024,32.671798,-86.025021
36025,32.544457,-86.324973
36026,32.775480,-86.130993
36027,32.060643,-85.116624
36028,31.495470,-86.392802
36029,32.181872,-85.933154
36030,31.870914,-86.876220
36031,32.245572,-85.734076
36032,31.994630,-86.568637
36033,31.671714,-86.770613
36034,31.621045,-86.111209
36035,31.788705,-86.126215
36036,31.973940,-86.161676
36037,31.799009,-86.628615
36038,31.435078,-86.491253
36039,32.298948,-85.837560
36040,32.173924,-86.684172
36041,31.913800,-86.319978
36042,31.868619,-86.459989
36043,32.201153,-86.420747
36046,32.023613,-86.333407
36047,32.075247,-86.517854
36048,31.804214,-85.592024
36049,31.768143,-86.277257
36051,32.685457,-86.500020
36052,32.184093,-86.048285
36053,32.029240,-85.443571
36054,32.481879,-86.366311
36064,32.296635,-86.077885
36066,32.479684,-86.424001
36067,32.516518,-86.561483
36069,32.094138,-86.149865
36071,31.706685,-86.397754
36075,32.378389,-85.923700
36078,32.546979,-85.942735
36079,31.766709,-85.998035
36080,32.711806,-86.284022
36081,31.903745,-85.898152
36082,31.802761,-85.954635
36083,32.386730,-85.684361
36088,32.415281,-85.720314
36089,32.151049,-85.698646
36091,32.750447,-86.508548
36092,32.617657,-86.200531
36093,32.494564,-86.133634
36104,32.403254,-86.326893
36105,32.209701,-86.288698
36106,32.352820,-86.257585
36107,32.383689,-86.279303
36108,32.339100,-86.401107
36109,32.388957,-86.242148
36110,32.446582,-86.255772
36111,32.336579,-86.271324
36112,32.380826,-86.349141
36113,32.381058,-86.363527
36115,32.406766,-86.246699
36116,32.273588,-86.214473
36117,32.378728,-86.145011
36201,33.649160,-85.879642
36203,33.583080,-85.834626
36205,33.717379,-85.794817
36206,33.733273,-85.809624
36207,33.680317,-85.709537
36250,33.765322,-85.901096
36251,33.222279,-85.872376
36255,33.168154,-85.730440
36256,33.046308,-85.704818
36258,33.477734,-85.717338
36260,33.581758,-85.995493
36262,33.806237,-85.479824
36263,33.466234,-85.359330
36264,33.596783,-85.551483
36265,33.847655,-85.784916
36266,33.349846,-85.734316
36267,33.197365,-85.948287
36268,33.494798,-85.929452
36269,33.739797,-85.383876
36271,33.781230,-86.018690
36272,33.942381,-85.595417
36273,33.545031,-85.378048
36274,33.172406,-85.363142
36276,33.132677,-85.570266
36277,33.757469,-85.818226
36278,33.332433,-85.523567
36279,33.872274,-85.889336
36280,33.376324,-85.388261
36301,31.140065,-85.398289
36303,31.266568,-85.401317
36305,31.204572,-85.496004
36310,31.595148,-85.208852
36311,31.609777,-85.685655
36312,31.170833,-85.236826
36313,31.178551,-85.793943
36314,31.018937,-85.772824
36316,31.175691,-85.863975
36317,31.643557,-85.404255
36318,31.169524,-85.950531
36319,31.331937,-85.148874
36320,31.049925,-85.319153
36321,31.210840,-85.299230
36322,31.257605,-85.735807
36323,31.428104,-86.072471
36330,31.305932,-85.864054
36340,31.051672,-85.890943
36343,31.060704,-85.120765
36344,31.097890,-85.708147
36345,31.366306,-85.310372
36346,31.560574,-85.930086
36350,31.350214,-85.495521
36351,31.425502,-85.906600
36352,31.264999,-85.609699
36353,31.478527,-85.348637
36360,31.467469,-85.617030
36362,31.350932,-85.679787
36370,31.142219,-85.158109
36371,31.312420,-85.551996
36373,31.541593,-85.097397
36374,31.578737,-85.493690
36375,31.071216,-85.544966
36376,31.251143,-85.269809
36401,31.480653,-86.940722
36420,31.172401,-86.565077
36421,31.324729,-86.506928
36425,31.764740,-87.195168
36426,31.140984,-87.071111
36432,31.293982,-87.030269
36435,31.869694,-87.451616
36436,31.785367,-87.649528
36439,31.419287,-87.345189
36441,31.039357,-87.255149
36442,31.073321,-86.359325
36444,31.676299,-87.440954
36445,31.444585,-87.453392
36446,31.792460,-87.719956
36451,31.700517,-87.803568
36453,31.191678,-86.149163
36454,31.328428,-87.200318
36455,31.013096,-86.351972
36456,31.568405,-86.806151
36460,31.518972,-87.304829
36467,31.281017,-86.256945
36470,31.515188,-87.565908
36471,31.616419,-87.248947
36473,31.307228,-87.202125
36474,31.429690,-86.626037
36475,31.387683,-87.219745
36476,31.362361,-86.549731
36477,31.097175,-86.061411
36480,31.325005,-87.599127
36481,31.771512,-87.382559
36482,31.639318,-87.636900
36483,31.047796,-86.674187
36502,31.147733,-87.494821
36505,30.941950,-88.015792
36507,30.858609,-87.742025
36509,30.393020,-88.270178
36511,30.315155,-87.747247
36512,30.998808,-88.018409
36513,31.173869,-88.005799
36518,31.459303,-88.284040
36521,30.964986,-88.177330
36522,31.090945,-88.275355
36523,30.370798,-88.190791
36524,31.802618,-88.010863
36525,30.890103,-88.018704
36526,30.611152,-87.859918
36527,30.702075,-87.881866
36528,30.235500,-88.236219
36529,31.275361,-88.228787
36530,30.408210,-87.555585
36532,30.480713,-87.861306
36535,30.383999,-87.727359
36538,31.657053,-88.143271
36539,31.348614,-88.380629
36540,31.448949,-87.675843
36541,30.489535,-88.344106
36542,30.269654,-87.750627
36543,31.221493,-87.466154
36544,30.479701,-88.230089
36545,31.488511,-87.871704
36548,31.488980,-87.967725
36549,30.410999,-87.455589
36550,31.249430,-87.730436
36551,30.647109,-87.753071
36553,31.243301,-88.067813
36555,30.396615,-87.783492
36556,31.197708,-87.976023
36558,31.608143,-88.316371
36559,30.567794,-87.908653
36560,31.097767,-88.040068
36561,30.288702,-87.571504
36562,31.037057,-87.670416
36564,30.483252,-87.934696
36567,30.623536,-87.556960
36568,30.511926,-88.272640
36569,31.542478,-88.091294
36571,30.854676,-88.109966
36572,30.857722,-88.061419
36574,30.501110,-87.478438
36575,30.769164,-88.273387
36576,30.522953,-87.763833
36578,30.749286,-87.779057
36579,31.106823,-87.796932
36580,30.478898,-87.703414
36581,31.375357,-87.965583
36582,30.509877,-88.173001
36583,31.367319,-88.195002
36584,31.199096,-88.388739
36585,31.387319,-88.079654
36587,30.844238,-88.351243
36590,30.531802,-88.174421
36602,30.693326,-88.045544
36603,30.673984,-88.026681
36604,30.682213,-88.068134
36605,30.604547,-88.087824
36606,30.668786,-88.105874
36607,30.698560,-88.105760
36608,30.681503,-88.300213
36609,30.660248,-88.163479
36610,30.736246,-88.073507
36611,30.769623,-88.080073
36612,30.752882,-88.113135
36613,30.809841,-88.187450
36615,30.630210,-88.069879
36616,30.724504,-88.081588
36617,30.716026,-88.095707
36618,30.736902,-88.169796
36619,30.596087,-88.196637
36688,30.696156,-88.182096
36693,30.625698,-88.149746
36695,30.628385,-88.280303
36701,32.483972,-87.054642
36703,32.427349,-86.912858
36720,32.158196,-87.344594
36722,32.094921,-87.571497
36723,32.053630,-87.274538
36726,31.963626,-87.295936
36727,31.910985,-88.033910
36728,32.161399,-87.476215
36732,32.429314,-87.914179
36736,32.060282,-87.776198
36738,32.420970,-87.624965
36740,32.626783,-87.836571
36742,32.467872,-87.729452
36744,32.695952,-87.599716
36748,32.267275,-87.780901
36749,32.551125,-86.849462
36750,32.789616,-86.849377
36751,31.824299,-87.545748
36752,32.298669,-86.631995
36753,31.807348,-87.076533
36754,32.154061,-87.700902
36756,32.683866,-87.275890
36758,32.638779,-86.889964
36759,32.416752,-87.277593
36761,32.106169,-86.978039
36763,32.276807,-87.980902
36765,32.588169,-87.522234
36766,31.955121,-87.086691
36767,32.259288,-87.191091
36768,31.912626,-87.019696
36769,32.007856,-87.547444
36773,32.258944,-87.357531
36775,32.175542,-86.979214
36776,32.735606,-87.741416
36782,32.116133,-87.912973
36783,32.247780,-87.597839
36784,31.926927,-87.787887
36785,32.260516,-86.845810
36786,32.431068,-87.482163
36790,32.733603,-86.893627
36792,32.925847,-86.906151
36793,32.821605,-87.027517
36801,32.694763,-85.395626
36804,32.534249,-85.347421
36830,32.538930,-85.492645
36832,32.582937,-85.585938
36849,32.602420,-85.487341
36850,32.783232,-85.658566
36852,32.757181,-85.292494
36853,32.816523,-85.767220
36854,32.751613,-85.189484
36855,33.028908,-85.308151
36856,32.274495,-84.997829
36858,32.328274,-85.330375
36859,32.235008,-85.011009
36860,32.274401,-85.424503
36861,32.890875,-85.850604
36862,32.903965,-85.455157
36863,32.889494,-85.263750
36865,32.602618,-85.589334
36866,32.565305,-85.712082
36867,32.495317,-85.024588
36869,32.420407,-85.064201
36870,32.482878,-85.120305
36871,32.178708,-85.157233
36874,32.564252,-85.198549
36875,32.336837,-85.166552
36877,32.573153,-85.101369
36879,32.727562,-85.558384
36901,32.421636,-88.147330
36904,32.100587,-88.260758
36907,32.426384,-88.346704
36908,31.870538,-88.391132
36910,32.204602,-88.146953
36912,32.230412,-88.302607
36913,31.960963,-88.447090
36915,31.955091,-88.358729
36916,32.209837,-88.059887
36919,31.769052,-88.282862
36921,31.938430,-88.182780
36922,32.300344,-88.141975
36925,32.432254,-88.183591
37010,36.571861,-87.108499
37012,36.073830,-86.001565
37013,36.052231,-86.632515
37014,35.875229,-86.632954
37015,36.279378,-87.075584
37016,35.957452,-86.100226
37018,35.630678,-86.211258
37019,35.392281,-86.709825
37020,35.634389,-86.407093
37022,36.514582,-86.317038
37023,36.592456,-87.782744
37025,35.948733,-87.307754
37026,35.696497,-86.105655
37027,35.999288,-86.785062
37028,36.627542,-87.862973
37029,36.042705,-87.263545
37030,36.271546,-85.942120
37031,36.366189,-86.292910
37032,36.524214,-87.017154
37033,35.744730,-87.558144
37034,35.651936,-86.690108
37035,36.381108,-87.133983
37036,36.234982,-87.261263
37037,35.703083,-86.351238
37040,36.522633,-87.334932
37042,36.568751,-87.416322
37043,36.489761,-87.237235
37046,35.781881,-86.700712
37047,35.317299,-86.835787
37048,36.491315,-86.595908
37049,36.557059,-86.673094
37050,36.374253,-87.630824
37051,36.304294,-87.410244
37052,36.378818,-87.401828
37055,36.077159,-87.442911
37057,36.418109,-86.029944
37058,36.444343,-87.876657
37059,35.984992,-85.903070
37060,35.745466,-86.637754
37061,36.287708,-87.635077
37062,35.990876,-87.135932
37064,35.884862,-86.954138
37066,36.398757,-86.455540
37067,35.912290,-86.780262
37069,35.987493,-86.903598
37072,36.352140,-86.746651
37073,36.432426,-86.816630
37074,36.426041,-86.152900
37075,36.339969,-86.607922
37076,36.145195,-86.576632
37078,35.910798,-87.746885
37079,36.464769,-87.648093
37080,36.332761,-86.916886
37082,36.094872,-87.115266
37083,36.535354,-86.011048
37085,35.954824,-86.280498
37086,36.022237,-86.559384
37087,36.263852,-86.269244
37090,36.111740,-86.299189
37091,35.489239,-86.767472
37095,35.976818,-85.967627
37096,35.612943,-87.871010
37097,35.779943,-87.823417
37098,35.872364,-87.319361
37101,36.060216,-87.629074
37110,35.645090,-85.741252
37115,36.253847,-86.695530
37118,35.930240,-86.190225
37122,36.180589,-86.481794
37127,35.781304,-86.327533
37128,35.784183,-86.489369
37129,35.932526,-86.442648
37130,35.881943,-86.318932
37132,35.849273,-86.364315
37134,35.992357,-87.948031
37135,35.915276,-86.676410
37137,35.884168,-87.505355
37138,36.244014,-86.609391
37140,35.859169,-87.652532
37141,36.614917,-86.701921
37142,36.410966,-87.509666
37143,36.127732,-87.031243
37144,35.305224,-86.660357
37145,36.380909,-85.917012
37146,36.402067,-87.032016
37148,36.566636,-86.495247
37149,35.804004,-86.192696
37150,36.541483,-85.810410
37151,36.309201,-86.043020
37153,35.763808,-86.554127
37160,35.455761,-86.484563
37165,36.292696,-87.470936
37166,35.917978,-85.786903
37167,35.959541,-86.531590
37171,36.361396,-87.295572
37172,36.532412,-86.862187
37174,35.719838,-86.898124
37175,36.324260,-87.892851
37178,36.323887,-87.790475
37179,35.811405,-86.924482
37180,35.606468,-86.586661
37181,36.244581,-87.469082
37183,35.494482,-86.303181
37184,36.082419,-86.144093
37185,36.064255,-87.857688
37186,36.596738,-86.221711
37187,36.144149,-87.197891
37188,36.480269,-86.681321
37189,36.298880,-86.834803
37190,35.816563,-86.021265
37191,36.500078,-87.529243
37201,36.166001,-86.777305
37203,36.149614,-86.790618
37204,36.106735,-86.774283
37205,36.113195,-86.870442
37206,36.179319,-86.731083
37207,36.233774,-86.775969
37208,36.177714,-86.808023
37209,36.185400,-86.948570
37210,36.149263,-86.732969
37211,36.067234,-86.723711
37212,36.133877,-86.801254
37213,36.166156,-86.767542
37214,36.162189,-86.670867
37215,36.081868,-86.834691
37216,36.216580,-86.726854
37217,36.108666,-86.656722
37218,36.164095,-86.889416
37219,36.166811,-86.783177
37220,36.068447,-86.793127
37221,36.051294,-86.968798
37228,36.196931,-86.803372
37240,36.144893,-86.805471
37243,36.165011,-86.782141
37246,36.159857,-86.791447
37301,35.416857,-85.794407
37302,35.008329,-85.019818
37303,35.442462,-84.640077
37305,35.465190,-85.694230
37306,35.096767,-86.191821
37307,35.174229,-84.621319
37308,35.342635,-84.993756
37309,35.301912,-84.741487
37310,35.252525,-84.710066
37311,35.113133,-84.928186
37312,35.232461,-84.879821
37313,35.357709,-85.712800
37315,35.048266,-85.051550
37317,35.031001,-84.443056
37318,35.177916,-85.992780
37321,35.502103,-85.008024
37322,35.503397,-84.823888
37323,35.096183,-84.816533
37324,35.239754,-85.987165
37325,35.251359,-84.591718
37326,35.040004,-84.384985
37327,35.437647,-85.415209
37328,35.036942,-86.357374
37329,35.394355,-84.461040
37330,35.279542,-86.130578
37331,35.319312,-84.529833
37332,35.598701,-84.971947
37333,35.153754,-84.335338
37334,35.166452,-86.580895
37335,35.068898,-86.403992
37336,35.308843,-84.931512
37337,35.787056,-84.850664
37338,35.429787,-85.209519
37339,35.379959,-85.634230
37340,35.034063,-85.517519
37341,35.224176,-85.073294
37342,35.391968,-85.948000
37343,35.166669,-85.212280
37345,35.016807,-86.203020
37347,35.063468,-85.613418
37348,35.131615,-86.434051
37350,34.993921,-85.350184
37351,35.100285,-85.260363
37352,35.277520,-86.353027
37353,35.115010,-84.989096
37354,35.506329,-84.347385
37355,35.499787,-86.083833
37356,35.228878,-85.823694
37357,35.585288,-85.917340
37359,35.204200,-86.412877
37360,35.437596,-86.254339
37361,35.101249,-84.686634
37362,35.031282,-84.680856
37363,35.115688,-85.063804
37365,35.382530,-85.559742
37366,35.338856,-85.830003
37367,35.627409,-85.236180
37369,35.190807,-84.479592
37370,35.356625,-84.700173
37373,35.407458,-85.092816
37374,35.168804,-85.646536
37375,35.150468,-85.890399
37376,35.047765,-85.955825
37377,35.204919,-85.334972
37379,35.295160,-85.177115
37380,35.070937,-85.754605
37381,35.687217,-84.877010
37385,35.333158,-84.236984
37387,35.273286,-85.746581
37388,35.343672,-86.221295
37391,35.093227,-84.353979
37394,35.539396,-85.860045
37396,35.005799,-85.499729
37397,35.225560,-85.514664
37398,35.181209,-86.138387
37402,35.043722,-85.317871
37403,35.048259,-85.294362
37404,35.027912,-85.273662
37405,35.120403,-85.407828
37406,35.073134,-85.245571
37407,35.001943,-85.289724
37408,35.028634,-85.308554
37409,35.013749,-85.335346
37410,35.001899,-85.314220
37411,35.028764,-85.226165
37412,34.997526,-85.227430
37415,35.124725,-85.281199
37416,35.097600,-85.180301
37419,35.039708,-85.404109
37421,35.030496,-85.145780
37601,36.338162,-82.318108
37604,36.299586,-82.383193
37614,36.301387,-82.371242
37615,36.402425,-82.457180
37616,36.228473,-82.746798
37617,36.524578,-82.365576
37618,36.460339,-82.208744
37620,36.549613,-82.094040
37640,36.326824,-81.974686
37641,36.196373,-82.667344
37642,36.530987,-82.726800
37643,36.377345,-82.137118
37645,36.562152,-82.662199
37650,36.094488,-82.448079
37656,36.398802,-82.629857
37657,36.017623,-82.560126
37658,36.239034,-82.099448
37659,36.280210,-82.491063
37660,36.526860,-82.571968
37663,36.463012,-82.488726
37664,36.520428,-82.498988
37665,36.578779,-82.570554
37680,36.579284,-81.725430
37681,36.258014,-82.620600
37682,36.300986,-82.290892
37683,36.454743,-81.822037
37686,36.440209,-82.348811
37687,36.178723,-82.097005
37688,36.545442,-81.882882
37690,36.250120,-82.557584
37691,36.371668,-81.756695
37692,36.189822,-82.300829
37694,36.383789,-82.278722
37701,35.791709,-83.987225
37705,36.226872,-84.009720
37708,36.330563,-83.316088
37709,36.162997,-83.664552
37710,36.158632,-84.316134
37711,36.281355,-83.045426
37713,36.081454,-83.134295
37714,36.260336,-84.292968
37715,36.554227,-83.960522
37716,36.097124,-84.175183
37719,36.022415,-84.429381
37721,36.118420,-83.812584
37722,35.814831,-83.202702
37723,35.970430,-84.813656
37724,36.548535,-83.710257
37725,35.996089,-83.399118
37726,36.204182,-84.830473
37727,35.885101,-83.022989
37729,36.516651,-84.034443
37730,36.547384,-83.975516
37731,36.548667,-83.009063
37732,36.327039,-84.606364
37733,36.354076,-84.711232
37737,35.761367,-84.120426
37738,35.670251,-83.474881
37742,35.675844,-84.179246
37743,36.068721,-82.856467
37745,36.278036,-82.820587
37748,35.945607,-84.516324
37752,36.560697,-83.538079
37753,35.823088,-83.100349
37754,36.139099,-84.029801
37755,36.402394,-84.526705
37756,36.304565,-84.419801
37757,36.299009,-84.137299
37760,36.108387,-83.457779
37762,36.577304,-84.126170
37763,35.820230,-84.492265
37764,35.970376,-83.616621
37765,36.572343,-83.058618
37766,36.399701,-84.080824
37769,36.218671,-84.153543
37770,36.153311,-84.663293
37771,35.840726,-84.321728
37772,35.791140,-84.218553
37774,35.729130,-84.358961
37777,35.826849,-84.054192
37779,36.215139,-83.756079
37801,35.663920,-84.094594
37803,35.660842,-83.981389
37804,35.792054,-83.893165
37806,36.084693,-83.727986
37807,36.259656,-83.825990
37809,36.156693,-83.038092
37810,36.184525,-83.115490
37811,36.356119,-83.210715
37813,36.175136,-83.257024
37814,36.233317,-83.337823
37818,36.188793,-82.971098
37819,36.568255,-84.205753
37820,36.085171,-83.566057
37821,35.975170,-83.195566
37825,36.412413,-83.695841
37826,35.558276,-84.589664
37828,36.197924,-84.069010
37829,36.010201,-84.637685
37830,35.966483,-84.290549
37840,36.070295,-84.409183
37841,36.515692,-84.570592
37843,36.010713,-83.048360
37845,36.093370,-84.439501
37846,35.679251,-84.481817
37847,36.434173,-84.278950
37848,36.235726,-83.680116
37849,36.054314,-84.046043
37851,36.584059,-83.907579
37852,36.324146,-84.579513
37853,35.836719,-83.910713
37854,35.880918,-84.720011
37857,36.424289,-82.941400
37860,36.250455,-83.183736
37861,36.240743,-83.513713
37862,35.778007,-83.612571
37863,35.785960,-83.562198
37865,35.851094,-83.734853
37866,36.342062,-83.856572
37869,36.514755,-83.244996
37870,36.462895,-83.833801
37871,36.052076,-83.681001
37872,36.269532,-84.649496
37873,36.526270,-82.843047
37874,35.598330,-84.456484
37876,35.865101,-83.478970
37877,36.151130,-83.406846
37878,35.620642,-83.894011
37879,36.473313,-83.513631
37880,35.685695,-84.677934
37881,36.406476,-83.342508
37882,35.601218,-83.813078
37885,35.476426,-84.132339
37886,35.745588,-83.804718
37887,36.091638,-84.580889
37888,36.310172,-83.608265
37890,36.085274,-83.298730
37891,36.292068,-83.138109
37892,36.555696,-84.357644
37902,35.963643,-83.920610
37909,35.947567,-84.021418
37912,36.007549,-83.984876
37914,35.983165,-83.795797
37915,35.970813,-83.900432
37916,35.952730,-83.934186
37917,36.001185,-83.913706
37918,36.056174,-83.916861
37919,35.914748,-84.000169
37920,35.908752,-83.869153
37921,35.979767,-84.002156
37922,35.860496,-84.100535
37923,35.926395,-84.079528
37924,36.030261,-83.798770
37931,35.976144,-84.129965
37932,35.917328,-84.198756
37934,35.861344,-84.167752
37938,36.123929,-83.938617
38001,35.816290,-89.159971
38002,35.286355,-89.700274
38004,35.411411,-89.759757
38006,35.693723,-89.089657
38007,36.159414,-89.426956
38008,35.246459,-88.997180
38011,35.462176,-89.711687
38012,35.610611,-89.273232
38015,35.556935,-89.823415
38016,35.181507,-89.760052
38017,35.066971,-89.648939
38018,35.138510,-89.760016
38019,35.562373,-89.628878
38021,35.875848,-89.164750
38023,35.457109,-89.938330
38024,36.035542,-89.380814
38028,35.183099,-89.632200
38029,35.238741,-89.821895
38030,36.016378,-89.586052
38034,35.911414,-89.236962
38036,35.320220,-89.625825
38037,35.797359,-89.398895
38039,35.070591,-89.155715
38040,35.892390,-89.444872
38041,35.659289,-89.704618
38042,35.145159,-89.137403
38044,35.199316,-88.809933
38046,35.069904,-89.247931
38047,36.090531,-89.503400
38049,35.390333,-89.538210
38050,35.829629,-89.233070
38052,35.090254,-88.917801
38053,35.346626,-89.951498
38054,35.336356,-89.873398
38057,35.052974,-89.368397
38058,35.458137,-89.816306
38059,36.105685,-89.248757
38060,35.209347,-89.505468
38061,35.068390,-88.770907
38063,35.764057,-89.640503
38066,35.073387,-89.505031
38067,35.081609,-89.041788
38068,35.265556,-89.345170
38069,35.477856,-89.330284
38070,35.943560,-89.237010
38075,35.379076,-89.136127
38076,35.138706,-89.442078
38077,36.328075,-89.474394
38079,36.427748,-89.462502
38080,36.207086,-89.519208
38103,35.153050,-90.054979
38104,35.132549,-90.003728
38105,35.151419,-90.035468
38106,35.102064,-90.094687
38107,35.170165,-90.023442
38108,35.176666,-89.967917
38109,35.037886,-90.154242
38111,35.110521,-89.943501
38112,35.147662,-89.976392
38114,35.096479,-89.985848
38115,35.053329,-89.862806
38116,35.033181,-90.011396
38117,35.115180,-89.905344
38118,35.032631,-89.932532
38119,35.079511,-89.845385
38120,35.123633,-89.852645
38122,35.158933,-89.921214
38125,35.025913,-89.788637
38126,35.126968,-90.043659
38127,35.242751,-90.026790
38128,35.224574,-89.926689
38131,35.066359,-89.992094
38132,35.073171,-89.994830
38133,35.212893,-89.794288
38134,35.174957,-89.859879
38135,35.238915,-89.848589
38138,35.084827,-89.799331
38139,35.079657,-89.755097
38141,35.013650,-89.856938
38152,35.123648,-89.931390
38201,36.123507,-88.530333
38220,35.993575,-88.670909
38221,36.244754,-88.035010
38222,36.445536,-88.157903
38224,36.387017,-88.492197
38225,36.318850,-88.670740
38226,36.484448,-88.701518
38229,36.223130,-88.606426
38230,36.155230,-88.775865
38231,36.213058,-88.426137
38232,36.359026,-89.324185
38233,36.203444,-89.049080
38235,35.989374,-88.563893
38236,36.168109,-88.268062
38237,36.358391,-88.837992
38240,36.245091,-89.318119
38241,36.427772,-88.591844
38242,36.305579,-88.331120
38251,36.459872,-88.355856
38253,36.264479,-88.993346
38254,36.374904,-89.347404
38255,36.240718,-88.859130
38256,36.308521,-88.131502
38257,36.456709,-88.876526
38258,36.032792,-88.619287
38259,36.199152,-89.183658
38260,36.360777,-89.200363
38261,36.428860,-89.113506
38301,35.588164,-88.853395
38305,35.701654,-88.768058
38310,35.261666,-88.408570
38311,35.437098,-88.104204
38313,35.610339,-88.619827
38315,35.268316,-88.615654
38316,36.065982,-88.817584
38317,36.057937,-88.263810
38318,35.947414,-88.242002
38320,36.051656,-88.112600
38321,35.845504,-88.532266
38326,35.054654,-88.286151
38327,35.224410,-88.308574
38328,35.680535,-88.215686
38329,35.537576,-88.107790
38330,36.070503,-89.034414
38332,35.419091,-88.426456
38333,36.128133,-87.954454
38334,35.361284,-88.571718
38337,35.785275,-89.014026
38339,35.052272,-88.515023
38340,35.401322,-88.683250
38341,35.877577,-88.083895
38342,36.071740,-88.288871
38343,35.827399,-88.926409
38344,35.978164,-88.424138
38345,35.597455,-88.506055
38347,35.477766,-88.498600
38348,35.872744,-88.650963
38351,35.671109,-88.399952
38352,35.529455,-88.533846
38355,35.784009,-88.775061
38356,35.438396,-88.893792
38357,35.044826,-88.415338
38358,35.916675,-88.758664
38359,35.369853,-88.351362
38361,35.311301,-88.299924
38362,35.729072,-88.782978
38363,35.687843,-88.110764
38365,35.054250,-88.232127
38366,35.479000,-88.741273
38367,35.053048,-88.623242
38368,35.510913,-88.348129
38369,36.131922,-88.942666
38370,35.383879,-88.245206
38371,35.424293,-88.295085
38372,35.143564,-88.156874
38374,35.505610,-88.230904
38375,35.157812,-88.591697
38376,35.099209,-88.368705
38379,35.164244,-88.433753
38380,35.780087,-88.038992
38381,35.357199,-88.971359
38382,35.968463,-88.984393
38387,35.872920,-88.277462
38388,35.781620,-88.319887
38390,35.840546,-88.372294
38391,35.546571,-88.992177
38392,35.456728,-89.044845
38401,35.629164,-87.021526
38425,35.412209,-87.943013
38449,35.040439,-86.818172
38450,35.183623,-87.792739
38451,35.460534,-86.992239
38452,35.080355,-87.796308
38453,35.121360,-86.812108
38454,35.728171,-87.345316
38455,35.043543,-86.885707
38456,35.335476,-87.266379
38457,35.029325,-87.284446
38459,35.194281,-86.805450
38460,35.088664,-87.153186
38461,35.593001,-87.341971
38462,35.528171,-87.562943
38463,35.070595,-87.645115
38464,35.290788,-87.433736
38468,35.135146,-87.291063
38469,35.074665,-87.428629
38471,35.083901,-87.932397
38472,35.377610,-87.038523
38473,35.021246,-87.171674
38474,35.517968,-87.226224
38475,35.253477,-88.016092
38476,35.841187,-87.213762
38477,35.064974,-86.993087
38478,35.232881,-87.005872
38481,35.031246,-87.492311
38482,35.768825,-87.149896
38483,35.440765,-87.333659
38485,35.356481,-87.782136
38486,35.170567,-87.545112
38487,35.718406,-87.233466
38488,35.042917,-86.663495
38501,36.226045,-85.533285
38504,36.395555,-84.724678
38505,36.175064,-85.505075
38506,36.187107,-85.433312
38541,36.538018,-85.335604
38542,36.317132,-85.202215
38543,36.350091,-85.150004
38544,36.123588,-85.663143
38545,36.232094,-85.662826
38547,36.156158,-86.006625
38548,36.164152,-85.790513
38549,36.562130,-85.149064
38551,36.558054,-85.487180
38552,36.217719,-85.813680
38553,36.201869,-85.006317
38554,36.249490,-85.161655
38555,35.887881,-84.989016
38556,36.406761,-84.918949
38558,36.009882,-84.866567
38559,35.808437,-85.508014
38560,36.221922,-85.855645
38562,36.354002,-85.657669
38563,36.214191,-86.023411
38564,36.275933,-85.735915
38565,36.262759,-85.009469
38567,36.132827,-85.925669
38568,36.438492,-85.473057
38569,36.092342,-85.863126
38570,36.376276,-85.326452
38571,36.051604,-85.012804
38572,35.849059,-85.128960
38573,36.493416,-85.223882
38574,36.143643,-85.229289
38575,36.555337,-85.636403
38577,36.565976,-84.972395
38578,35.981795,-85.198328
38579,35.835867,-85.548177
38580,36.290013,-85.299934
38581,35.741040,-85.620827
38582,36.099444,-85.764549
38583,35.944540,-85.442214
38585,35.618527,-85.485795
38587,35.864761,-85.613998
38588,36.446386,-85.730671
38589,36.285583,-85.077112
38601,34.492325,-89.443056
38603,34.848410,-89.142260
38606,34.303262,-89.952316
38610,34.651787,-89.025549
38611,34.856233,-89.676020
38614,34.157044,-90.597737
38617,34.351492,-90.522013
38618,34.716284,-89.937850
38619,34.518142,-89.835541
38620,34.230138,-89.902510
38621,34.447192,-90.170459
38622,34.171912,-90.138492
38623,34.367662,-90.282849
38625,34.612136,-88.826435
38626,34.517362,-90.414527
38627,34.417830,-89.207944
38629,34.862808,-89.009788
38630,34.278839,-90.685609
38631,34.360976,-90.619981
38632,34.795914,-90.015068
38633,34.647337,-89.194971
38635,34.766909,-89.486327
38637,34.952081,-90.049209
38639,34.303108,-90.432003
38641,34.911876,-90.191356
38642,34.928904,-89.334667
38643,34.148487,-90.260865
38644,34.460809,-90.493530
38645,34.247849,-90.476420
38646,34.289637,-90.314386
38647,34.963506,-89.224108
38650,34.528102,-89.145451
38651,34.893390,-90.002204
38652,34.483075,-88.996667
38654,34.933929,-89.816280
38655,34.333217,-89.473309
38658,34.188345,-89.901020
38659,34.621505,-89.331511
38661,34.896991,-89.561056
38663,34.734051,-88.882216
38664,34.811462,-90.329253
38665,34.583273,-90.166012
38666,34.425884,-89.920273
38668,34.590668,-89.917818
38670,34.416895,-90.288714
38671,34.966282,-89.998152
38672,34.911400,-89.927894
38673,34.293443,-89.635806
38674,34.868370,-88.892398
38676,34.666450,-90.383731
38677,34.365411,-89.537180
38680,34.951674,-90.146147
38683,34.934910,-88.867314
38685,34.593050,-89.488478
38701,33.310738,-91.044262
38702,33.535666,-91.180051
38703,33.475662,-91.052834
38704,33.007175,-91.021252
38720,34.108397,-90.788009
38721,32.989634,-90.746359
38722,33.260304,-90.883939
38723,33.229662,-91.038367
38725,33.648757,-91.030947
38726,33.755796,-90.988708
38730,33.682859,-90.790778
38731,33.066600,-91.046742
38732,33.758855,-90.725595
38736,33.642790,-90.537368
38737,33.863521,-90.524172
38738,33.945099,-90.533141
38740,34.057678,-90.798760
38744,33.014154,-91.037148
38745,32.972278,-90.992816
38746,33.961973,-90.909267
38748,33.151196,-90.902048
38749,33.447423,-90.752367
38751,33.445530,-90.686995
38753,33.347339,-90.576284
38754,33.249944,-90.622535
38756,33.389797,-90.860225
38759,33.825158,-90.730327
38760,33.458034,-90.989273
38761,33.430152,-90.484464
38762,33.895940,-90.716631
38764,33.780114,-90.866202
38765,33.069113,-90.874611
38767,34.140502,-90.784721
38768,33.975737,-90.499770
38769,33.864775,-90.985297
38771,33.739965,-90.528989
38772,33.559244,-91.052351
38773,33.607259,-90.776876
38774,33.960037,-90.762860
38778,33.547117,-90.531332
38781,33.908553,-90.756588
38801,34.222629,-88.774588
38804,34.281378,-88.672873
38821,33.977521,-88.436749
38824,34.520784,-88.643025
38826,34.301247,-88.841482
38827,34.516910,-88.177452
38828,34.429858,-88.869190
38829,34.650609,-88.527209
38833,34.918147,-88.319035
38834,34.917111,-88.571777
38838,34.546433,-88.255741
38841,34.352581,-89.015298
38843,34.262054,-88.376344
38844,33.838614,-88.255262
38846,34.851720,-88.385389
38847,34.412540,-88.232960
38848,33.937645,-88.271066
38849,34.460959,-88.696052
38850,34.058891,-89.057937
38851,33.910500,-88.968194
38852,34.843688,-88.213248
38855,34.323342,-88.485408
38856,34.467115,-88.455149
38857,34.281521,-88.574989
38858,34.099952,-88.549476
38859,34.514877,-88.375117
38860,33.971749,-88.761409
38862,34.168139,-88.623239
38863,34.217915,-89.019053
38864,34.157283,-89.207666
38865,34.788031,-88.595406
38866,34.367620,-88.680078
38868,34.123549,-88.762644
38869,34.357456,-88.835132
38870,34.067434,-88.336282
38871,34.381713,-89.247255
38873,34.659698,-88.242903
38876,34.213590,-88.230292
38878,33.904511,-89.187449
38879,34.184616,-88.718163
38901,33.762528,-89.802915
38913,34.138881,-89.384872
38914,33.846213,-89.416592
38915,34.037640,-89.388855
38916,33.816534,-89.352740
38917,33.557840,-90.008168
38920,33.910061,-89.995338
38921,33.982154,-90.144181
38922,33.932695,-89.649202
38923,33.388567,-89.988589
38924,33.291490,-90.224611
38925,33.626030,-89.634279
38927,34.142879,-90.026843
38928,33.869471,-90.291749
38929,33.739460,-89.531313
38930,33.538034,-90.154409
38940,33.744195,-90.056814
38941,33.484573,-90.358231
38943,33.539901,-89.845569
38944,33.765008,-90.341539
38945,33.600948,-90.168029
38946,33.364004,-90.378549
38947,33.533842,-89.898549
38948,34.067711,-89.882122
38949,34.191573,-89.425419
38950,33.733058,-90.200045
38951,33.973783,-89.290490
38952,33.628122,-90.344867
38953,33.930672,-89.933405
38954,33.415410,-90.212157
38957,33.991776,-90.350322
38958,33.303673,-90.428149
38961,33.954527,-89.914974
38962,33.871721,-90.185145
38963,34.024854,-90.393065
38964,34.099060,-90.398491
38965,34.135546,-89.601746
38966,33.947038,-90.319159
38967,33.457399,-89.732453
39038,33.186060,-90.484577
39039,32.816550,-90.217495
39040,32.629706,-90.417476
39041,32.404803,-90.468865
39042,32.197548,-89.895006
39044,32.029303,-89.974668
39045,32.819535,-89.784552
39046,32.632163,-89.983933
39047,32.421115,-89.945501
39051,32.778076,-89.490169
39054,32.774344,-90.939277
39056,32.373751,-90.350864
39057,32.490854,-89.284427
39059,31.982459,-90.355783
39061,33.086397,-90.820582
39062,31.985095,-89.898309
39063,33.116674,-89.897489
39066,32.296627,-90.606153
39067,33.110083,-89.443782
39069,31.686160,-91.043249
39071,32.556371,-90.318383
39073,32.102431,-90.135817
39074,32.393704,-89.478007
39078,31.878048,-90.188204
39079,32.935327,-89.898550
39082,31.941844,-90.120075
39083,31.844615,-90.477306
39086,31.949428,-90.766630
39088,32.754644,-90.703709
39090,33.002016,-89.543898
39092,32.319548,-89.362401
39094,32.586250,-89.663156
39095,33.129605,-90.087121
39096,31.817636,-91.120698
39097,32.989067,-90.607666
39108,33.149349,-89.338532
39110,32.504199,-90.147242
39111,31.896635,-89.718092
39113,32.913834,-91.017222
39114,31.951836,-89.824587
39115,33.044863,-90.566898
39116,31.896441,-89.538254
39117,32.296241,-89.656952
39119,31.751549,-89.670777
39120,31.508632,-91.358538
39140,31.749259,-90.020236
39144,31.821262,-90.792159
39145,32.344663,-89.794359
39146,32.875897,-89.994910
39149,31.831965,-90.010649
39150,32.004742,-90.976048
39152,32.207475,-89.585474
39153,32.045133,-89.490046
39154,32.225111,-90.444671
39156,32.547816,-90.776742
39157,32.425874,-90.169852
39159,32.826566,-90.935377
39160,32.992412,-89.764800
39162,32.618790,-90.624439
39166,33.040820,-90.481639
39167,32.094163,-90.041201
39168,31.831878,-89.411823
39169,33.215516,-90.245118
39170,32.111772,-90.330654
39174,32.401478,-90.159514
39175,32.090718,-90.631235
39176,33.306079,-89.768327
39177,32.623273,-90.800274
39179,32.802440,-90.096935
39180,32.224042,-90.857132
39183,32.447078,-90.806610
39189,32.608003,-89.400149
39191,31.711309,-90.424334
39192,33.183639,-89.762234
39193,32.234475,-90.079333
39194,32.845243,-90.520794
39201,32.289606,-90.184324
39202,32.311113,-90.170982
39203,32.308883,-90.200338
39204,32.279311,-90.206334
39206,32.372402,-90.172455
39208,32.259775,-90.091940
39209,32.395522,-90.293193
39211,32.372134,-90.122605
39212,32.243261,-90.280351
39213,32.392757,-90.236590
39216,32.333857,-90.159647
39217,32.299131,-90.210495
39218,32.230413,-90.159622
39232,32.330662,-90.091792
39269,32.301109,-90.188890
39272,32.190610,-90.258327
39301,32.273648,-88.580363
39305,32.463029,-88.714721
39307,32.334866,-88.796844
39309,32.548929,-88.615424
39320,32.569335,-88.744163
39322,31.535469,-88.503696
39323,32.352256,-88.923758
39325,32.561988,-88.877508
39326,32.602744,-88.656165
39327,32.446095,-89.118554
39328,32.743509,-88.698611
39330,32.180797,-88.843394
39332,32.304300,-88.998857
39335,32.533136,-88.491090
39336,32.300601,-89.262200
39337,32.507687,-88.979980
39338,32.106742,-89.230937
39339,33.101905,-89.011663
39341,33.098547,-88.566395
39342,32.424496,-88.648338
39345,32.291789,-89.121899
39346,32.965035,-89.095535
39347,32.060443,-88.942004
39348,32.015293,-89.032672
39350,32.796469,-89.125241
39352,32.684042,-88.481687
39354,32.875326,-88.840419
39355,32.054731,-88.624649
39356,32.134212,-89.021973
39358,32.905390,-88.411185
39359,32.567824,-89.333571
39360,31.864814,-88.754017
39361,32.995473,-88.596380
39362,31.390960,-88.541129
39363,32.127054,-88.765481
39364,32.405281,-88.486617
39365,32.602694,-89.126133
39366,31.943818,-88.918617
39367,31.676874,-88.665860
39401,31.234112,-89.265885
39402,31.333704,-89.419175
39406,31.328445,-89.334570
39421,31.492362,-89.721243
39422,31.959313,-89.257708
39423,31.170495,-88.915119
39425,31.060357,-89.080132
39426,30.655222,-89.661259
39427,31.480130,-89.814542
39428,31.651053,-89.572840
39429,31.239384,-89.763166
39437,31.579926,-89.218571
39439,31.849171,-89.013986
39440,31.693212,-89.147245
39443,31.716721,-89.078154
39451,31.177200,-88.621661
39452,30.873965,-88.601996
39455,31.011868,-89.458807
39456,31.060070,-88.823703
39459,31.489786,-89.304575
39461,31.205789,-88.732708
39462,31.234012,-89.056621
39464,31.491996,-89.083940
39465,31.339572,-89.188170
39466,30.520513,-89.585934
39470,30.822892,-89.569010
39474,31.612609,-89.855170
39475,31.153467,-89.425360
39476,31.386969,-88.866929
39477,31.788272,-89.033802
39478,31.054177,-89.856810
39479,31.529263,-89.458176
39480,31.711510,-89.315093
39481,31.868385,-89.238136
39482,31.372022,-89.579154
39483,31.242774,-89.932348
39501,30.382966,-89.102426
39503,30.474612,-89.152878
39507,30.400484,-89.034466
39520,30.271308,-89.481756
39525,30.381932,-89.370784
39530,30.409826,-88.880304
39531,30.403986,-88.966183
39532,30.493085,-88.964318
39534,30.407460,-88.924631
39540,30.443102,-88.897234
39553,30.410797,-88.644997
39556,30.441523,-89.440233
39560,30.376353,-89.172731
39561,30.702516,-89.154883
39562,30.546682,-88.489452
39563,30.421750,-88.523082
39564,30.404770,-88.771229
39565,30.587095,-88.744463
39567,30.365446,-88.540115
39571,30.420066,-89.275043
39572,30.251304,-89.601020
39573,30.730997,-89.093397
39574,30.611848,-89.089935
39576,30.290082,-89.383278
39577,30.904729,-89.086488
39581,30.357101,-88.489323
39601,31.563080,-90.471262
39629,31.436637,-90.456850
39630,31.459306,-90.845350
39631,31.067208,-91.134006
39633,31.306441,-91.180646
39635,31.191429,-90.463430
39638,31.225004,-90.995924
39641,31.355199,-90.174857
39643,31.246549,-90.014258
39645,31.148785,-90.798891
39647,31.525975,-90.722700
39648,31.189344,-90.384302
39652,31.113659,-90.475396
39653,31.481823,-90.864478
39654,31.544944,-90.136681
39656,31.443901,-89.931798
39657,31.040324,-90.506268
39661,31.484447,-91.083468
39662,31.386372,-90.285394
39663,31.594893,-90.038161
39664,31.325970,-90.674153
39665,31.642810,-90.209176
39666,31.294966,-90.482726
39667,31.124737,-90.126164
39668,31.710493,-90.809340
39669,31.121117,-91.383123
39701,33.393933,-88.504719
39702,33.439736,-88.344713
39705,33.587945,-88.441102
39730,33.843635,-88.565615
39735,33.353169,-89.187425
39736,33.431914,-88.652317
39737,33.670566,-89.330323
39739,33.239354,-88.573864
39740,33.722448,-88.305334
39741,33.645295,-88.866068
39743,33.336759,-88.618920
39744,33.579940,-89.307271
39745,33.296546,-89.451227
39746,33.749040,-88.414965
39747,33.409239,-89.554553
39750,33.568955,-89.044772
39751,33.695301,-89.093267
39752,33.522607,-89.150748
39755,33.607091,-88.963874
39756,33.756717,-88.741085
39759,33.437924,-88.825142
39760,33.464234,-88.705141
39762,33.452793,-88.795207
39766,33.587707,-88.312071
39767,33.475509,-89.448715
39769,33.321925,-89.017837
39771,33.606242,-89.275295
39772,33.295116,-89.304309
39773,33.647676,-88.690332
39776,33.780141,-89.040474
39813,31.423156,-84.684305
39815,30.738850,-84.490698
39817,30.943525,-84.602003
39819,30.788581,-84.634069
39823,31.336246,-84.946067
39824,31.495163,-84.925018
39825,30.930767,-84.740763
39826,31.820634,-84.348887
39827,30.947610,-84.210381
39828,30.808346,-84.224088
39834,30.894278,-84.431150
39836,31.666007,-84.868633
39837,31.152104,-84.677706
39840,31.780932,-84.764867
39841,31.292866,-84.685044
39842,31.760949,-84.437475
39845,30.951468,-84.892838
39846,31.562973,-84.745898
39851,31.619831,-84.992583
39854,31.869218,-85.052557
39859,30.987652,-84.812747
39861,31.135350,-84.987248
39862,31.459371,-84.517381
39866,31.559484,-84.594397
39867,31.828416,-84.927893
39870,31.322028,-84.414137
39877,31.915159,-84.511576
39885,31.717425,-84.351063
39886,31.745736,-84.621515
39897,30.911205,-84.329813
