*ZIP,LAT,LNG
60002,42.471741,-88.084493
60004,42.112780,-87.979542
60005,42.064490,-87.985462
60007,42.008600,-87.997340
60008,42.069786,-88.016221
60010,42.146494,-88.164651
60012,42.272492,-88.314084
60013,42.223439,-88.235506
60014,42.232414,-88.327449
60015,42.173809,-87.878173
60016,42.049573,-87.895003
60018,41.979388,-87.894358
60020,42.389054,-88.173346
60021,42.194697,-88.217108
60022,42.135423,-87.761882
60025,42.075201,-87.821026
60026,42.092234,-87.837445
60029,42.059253,-87.778339
60030,42.337078,-88.044326
60031,42.373574,-87.939353
60033,42.424786,-88.608011
60034,42.456318,-88.419695
60035,42.185968,-87.805939
60040,42.206363,-87.813098
60041,42.364552,-88.151120
60042,42.278206,-88.196627
60043,42.088859,-87.714588
60044,42.284408,-87.862297
60045,42.235997,-87.864777
60046,42.416323,-88.059119
60047,42.203134,-88.044208
60048,42.295408,-87.950611
60050,42.331147,-88.295180
60051,42.354910,-88.229132
60053,42.042336,-87.788946
60056,42.067166,-87.934719
60060,42.270103,-88.039292
60061,42.234909,-87.959135
60062,42.126279,-87.845088
60064,42.324027,-87.856704
60067,42.106323,-88.064337
60068,42.011762,-87.843434
60069,42.196594,-87.924704
60070,42.103663,-87.928972
60071,42.468405,-88.315683
60072,42.406704,-88.305861
60073,42.348824,-88.109581
60074,42.131462,-88.026329
60076,42.035260,-87.729928
60077,42.034746,-87.757188
60081,42.451014,-88.225410
60083,42.436276,-87.941752
60084,42.269669,-88.140911
60085,42.352097,-87.867656
60087,42.403085,-87.850836
60088,42.309632,-87.844061
60089,42.167231,-87.964063
60090,42.129614,-87.921503
60091,42.077788,-87.720570
60093,42.106708,-87.756292
60096,42.479722,-87.824805
60097,42.396983,-88.369978
60098,42.326265,-88.456087
60099,42.459988,-87.865021
60101,41.930516,-88.016937
60102,42.165165,-88.308768
60103,41.980546,-88.204761
60104,41.882844,-87.876430
60106,41.959701,-87.941835
60107,42.020586,-88.177771
60108,41.950022,-88.091865
60109,42.049807,-88.545918
60110,42.114687,-88.291866
60111,42.009497,-88.805358
60112,41.924797,-88.690186
60113,41.932247,-88.965872
60115,41.901277,-88.761435
60118,42.106259,-88.304383
60119,41.851532,-88.476450
60120,42.034492,-88.238396
60123,42.040644,-88.311296
60124,42.020169,-88.400686
60126,41.896843,-87.941240
60129,42.008121,-88.974996
60130,41.866433,-87.817396
60131,41.938755,-87.884263
60133,41.977842,-88.143199
60134,41.878343,-88.342066
60135,42.112495,-88.670862
60136,42.105438,-88.380571
60137,41.865213,-88.061479
60139,41.918877,-88.078095
60140,42.079040,-88.513208
60141,41.857845,-87.838010
60142,42.173954,-88.444595
60143,41.975335,-88.022464
60144,41.835957,-88.520644
60145,42.084569,-88.773820
60146,42.099982,-88.874061
60148,41.873571,-88.020766
60150,41.925800,-88.891997
60151,41.918475,-88.574468
60152,42.237802,-88.625501
60153,41.879283,-87.843251
60154,41.847472,-87.891640
60155,41.857694,-87.856223
60156,42.203613,-88.320701
60157,41.975252,-88.056054
60160,41.904144,-87.860665
60162,41.867531,-87.902184
60163,41.888819,-87.909053
60164,41.917512,-87.900699
60165,41.903215,-87.880713
60169,42.050870,-88.116615
60171,41.925046,-87.838372
60172,41.979850,-88.089628
60173,42.051556,-88.055522
60174,41.930652,-88.298614
60175,41.948188,-88.388701
60176,41.958125,-87.868886
60177,41.988481,-88.310167
60178,42.008032,-88.661107
60180,42.225262,-88.524527
60181,41.876897,-87.976328
60184,41.951502,-88.253170
60185,41.896691,-88.211014
60187,41.872720,-88.112442
60188,41.915737,-88.129434
60189,41.840632,-88.122024
60190,41.871784,-88.157015
60191,41.966306,-87.980851
60192,42.063272,-88.203662
60193,42.009666,-88.096644
60194,42.034820,-88.110285
60195,42.074962,-88.086284
60201,42.056214,-87.692402
60202,42.030355,-87.685549
60203,42.049045,-87.717453
60301,41.888545,-87.798933
60302,41.894609,-87.789711
60304,41.872389,-87.789483
60305,41.894875,-87.819064
60401,41.343966,-87.616389
60402,41.835216,-87.791373
60403,41.553739,-88.134185
60404,41.514026,-88.223228
60406,41.654945,-87.681952
60407,41.234907,-88.261302
60408,41.263739,-88.215536
60409,41.613641,-87.552122
60410,41.423643,-88.201754
60411,41.508774,-87.590314
60415,41.702967,-87.778864
60416,41.293908,-88.283101
60417,41.427585,-87.586149
60419,41.629149,-87.598820
60420,41.088287,-88.416970
60421,41.431182,-88.099710
60422,41.536963,-87.684139
60423,41.477349,-87.832419
60424,41.164148,-88.327716
60425,41.545577,-87.611725
60426,41.610343,-87.653395
60428,41.599800,-87.690567
60429,41.574029,-87.683706
60430,41.558880,-87.664442
60431,41.509668,-88.180211
60432,41.541747,-88.034728
60433,41.499502,-88.043681
60435,41.548590,-88.128928
60436,41.486888,-88.129295
60437,41.162929,-88.560435
60438,41.566242,-87.550204
60439,41.676906,-87.977229
60440,41.700600,-88.075006
60441,41.592639,-88.050043
60442,41.392698,-87.963468
60443,41.502184,-87.748201
60444,41.243115,-88.402732
60445,41.634390,-87.736395
60446,41.631698,-88.106903
60447,41.487239,-88.322166
60448,41.537785,-87.892451
60449,41.417550,-87.778885
60450,41.366293,-88.434561
60451,41.509217,-87.960579
60452,41.606984,-87.753523
60453,41.713436,-87.752560
60455,41.742093,-87.808649
60456,41.731248,-87.731134
60457,41.724657,-87.828048
60458,41.753401,-87.826941
60459,41.744431,-87.768576
60460,40.998479,-88.536714
60461,41.522116,-87.700733
60462,41.625307,-87.832930
60463,41.662446,-87.789969
60464,41.662840,-87.860756
60465,41.698023,-87.829143
60466,41.477816,-87.683188
60467,41.601860,-87.887323
60468,41.335283,-87.810291
60469,41.628359,-87.687037
60470,41.168970,-88.641026
60471,41.478971,-87.734059
60472,41.643075,-87.708082
60473,41.597379,-87.599150
60474,41.179801,-88.266441
60475,41.472540,-87.627508
60476,41.569483,-87.601709
60477,41.572143,-87.789250
60478,41.563453,-87.725409
60479,41.232384,-88.526396
60480,41.729231,-87.881134
60481,41.285524,-88.110548
60482,41.687843,-87.789946
60484,41.443818,-87.710988
60487,41.562730,-87.834416
60490,41.669320,-88.145399
60491,41.602523,-87.962618
60501,41.780221,-87.823244
60502,41.790651,-88.259738
60503,41.712127,-88.255180
60504,41.747452,-88.238622
60505,41.764527,-88.294658
60506,41.765703,-88.363853
60510,41.841141,-88.306602
60511,41.758993,-88.551993
60512,41.701600,-88.439790
60513,41.825059,-87.847546
60514,41.795689,-87.962155
60515,41.810554,-88.022796
60516,41.761302,-88.013394
60517,41.740329,-88.042149
60518,41.598842,-88.919741
60519,41.777818,-88.242612
60520,41.787267,-88.667548
60521,41.800683,-87.928172
60523,41.836558,-87.953278
60525,41.783830,-87.871802
60526,41.831794,-87.873995
60527,41.743074,-87.929214
60530,41.797084,-88.952274
60531,41.619207,-88.787498
60532,41.789443,-88.083984
60534,41.813484,-87.823564
60536,41.597542,-88.549959
60537,41.560474,-88.604139
60538,41.726871,-88.338195
60539,41.827240,-88.336209
60540,41.764670,-88.145428
60541,41.513344,-88.532398
60542,41.809626,-88.352573
60543,41.664136,-88.317818
60544,41.614138,-88.218784
60545,41.678691,-88.537120
60546,41.837923,-87.821859
60548,41.649593,-88.640479
60549,41.502537,-88.739635
60550,41.779872,-88.861945
60551,41.524931,-88.687441
60552,41.666888,-88.706507
60553,41.826254,-89.040056
60554,41.776684,-88.457062
60555,41.822167,-88.180773
60556,41.762915,-88.771125
60557,41.448102,-88.760078
60558,41.805603,-87.901039
60559,41.794371,-87.972860
60560,41.608220,-88.429346
60561,41.745663,-87.981494
60563,41.790146,-88.203829
60564,41.706073,-88.195394
60565,41.730729,-88.124336
60585,41.657058,-88.225243
60586,41.571567,-88.238218
60601,41.885310,-87.622116
60602,41.883073,-87.629149
60603,41.880188,-87.625509
60604,41.878095,-87.628461
60605,41.867566,-87.617228
60606,41.882066,-87.637349
60607,41.874930,-87.651596
60608,41.846880,-87.670664
60609,41.812680,-87.656935
60610,41.906772,-87.632231
60611,41.895700,-87.613775
60612,41.880320,-87.687749
60613,41.956949,-87.654272
60614,41.922714,-87.649577
60615,41.801647,-87.596288
60616,41.844883,-87.624032
60617,41.718197,-87.552739
60618,41.946962,-87.702548
60619,41.743690,-87.605526
60620,41.740497,-87.652558
60621,41.776382,-87.639572
60622,41.902172,-87.683337
60623,41.848897,-87.717661
60624,41.880504,-87.724444
60625,41.973292,-87.700351
60626,42.010019,-87.667095
60628,41.690875,-87.615773
60629,41.775868,-87.711496
60630,41.972071,-87.756569
60631,41.994855,-87.813003
60632,41.810166,-87.713252
60633,41.663809,-87.561470
60634,41.946189,-87.806117
60636,41.775739,-87.669064
60637,41.781621,-87.599876
60638,41.781430,-87.770520
60639,41.920552,-87.756054
60640,41.972872,-87.662604
60641,41.946606,-87.746787
60642,41.902042,-87.658544
60643,41.700273,-87.663267
60644,41.880084,-87.756373
60645,42.008558,-87.694735
60646,41.993019,-87.759627
60647,41.921215,-87.701028
60649,41.763420,-87.565879
60651,41.902093,-87.740857
60652,41.747932,-87.714795
60653,41.819962,-87.605984
60654,41.892289,-87.637271
60655,41.694776,-87.703777
60656,41.974280,-87.827132
60657,41.940293,-87.646857
60659,41.991488,-87.703986
60660,41.991110,-87.663076
60661,41.883030,-87.644101
60706,41.964257,-87.816242
60707,41.921853,-87.807282
60712,42.005432,-87.733239
60714,42.028057,-87.810967
60803,41.674038,-87.736170
60804,41.838036,-87.759870
60805,41.722001,-87.702446
60827,41.649434,-87.633572
60901,41.109505,-87.897917
60910,41.080494,-87.809612
60911,40.880243,-87.976584
60912,40.973619,-87.603476
60913,41.146985,-88.061778
60914,41.187368,-87.861802
60915,41.146304,-87.861046
60917,41.046818,-88.185472
60918,40.594970,-88.025670
60919,40.987875,-88.237518
60920,41.029257,-88.304970
60921,40.731456,-88.297018
60922,41.010925,-87.919290
60924,40.551009,-87.886524
60926,40.566351,-87.823657
60927,40.938489,-87.972776
60928,40.741660,-87.849011
60929,40.874974,-88.289163
60930,40.829913,-88.002574
60931,40.889327,-87.588141
60932,40.463312,-87.805561
60933,40.464728,-88.271912
60934,40.958061,-88.353047
60935,41.170447,-88.175861
60936,40.467849,-88.351997
60938,40.773028,-87.988260
60940,41.249777,-87.642858
60941,41.041988,-88.082084
60942,40.465380,-87.661377
60945,40.828189,-87.584213
60946,40.916505,-88.202897
60948,40.532765,-88.071269
60949,40.378337,-88.105151
60950,41.252724,-87.884400
60951,40.914602,-87.755127
60952,40.562795,-88.250366
60953,40.629577,-87.688641
60954,41.147708,-87.622516
60955,40.699506,-87.969261
60957,40.443066,-88.136091
60958,41.064833,-87.591359
60959,40.789695,-88.181996
60960,40.438957,-87.890723
60961,41.109567,-88.221504
60962,40.626121,-88.187136
60963,40.366679,-87.648421
60964,41.038816,-87.744203
60966,40.751503,-87.583223
60968,40.672352,-88.119538
60969,41.110975,-88.149737
60970,40.796024,-87.734451
60973,40.541685,-87.663146
60974,40.719013,-87.733847
61001,42.465816,-90.110232
61006,41.861762,-89.202281
61007,42.197755,-89.589505
61008,42.244290,-88.841131
61010,42.134590,-89.274106
61011,42.392526,-88.897904
61012,42.401445,-88.764558
61013,42.372123,-89.639278
61014,41.974687,-89.884447
61015,41.996752,-89.197077
61016,42.197297,-88.947723
61018,42.415263,-89.555222
61019,42.439512,-89.410047
61020,42.110183,-89.098207
61021,41.827392,-89.479188
61024,42.436415,-89.297114
61025,42.471378,-90.555965
61027,42.330909,-89.757279
61028,42.298465,-90.175881
61030,42.119648,-89.591624
61031,41.832071,-89.311588
61032,42.318004,-89.636784
61036,42.413677,-90.375911
61037,41.789331,-89.760294
61038,42.265818,-88.737964
61039,42.208868,-89.467558
61041,42.273156,-90.311245
61042,41.687626,-89.562791
61043,42.056438,-89.105241
61044,42.318788,-89.915091
61046,42.104394,-89.811739
61047,42.153152,-89.395916
61048,42.382631,-89.841219
61049,42.049626,-89.008914
61050,42.440288,-89.734143
61051,41.982781,-89.754875
61052,42.111372,-88.999555
61053,42.120819,-89.983297
61054,42.054974,-89.449449
61057,41.829260,-89.382044
61059,42.453165,-89.940174
61060,42.478161,-89.621909
61061,41.997917,-89.341656
61062,42.250635,-89.835749
61063,42.319493,-89.340658
61064,41.987852,-89.582338
61065,42.400588,-88.836952
61067,42.305046,-89.478928
61068,41.945817,-89.060013
61070,42.416818,-89.473074
61071,41.724673,-89.698867
61072,42.442353,-89.138490
61073,42.423732,-88.993797
61074,42.124371,-90.122436
61075,42.464451,-90.258916
61077,42.238138,-89.357813
61078,42.165921,-89.729005
61079,42.437245,-89.216208
61080,42.481345,-88.983833
61081,41.833205,-89.737983
61084,42.123586,-89.190074
61085,42.341809,-90.032187
61087,42.480214,-89.992629
61088,42.268114,-89.262689
61089,42.473424,-89.819325
61091,41.906863,-89.527713
61101,42.346079,-89.146087
61102,42.228769,-89.162524
61103,42.340261,-89.086492
61104,42.251720,-89.079945
61107,42.285452,-89.001644
61108,42.257371,-89.002129
61109,42.191304,-89.055756
61111,42.335503,-89.002745
61112,42.241981,-88.975184
61114,42.306605,-88.990894
61115,42.364306,-89.027467
61201,41.477559,-90.575628
61230,41.734087,-90.213132
61231,41.210670,-90.717799
61232,41.430737,-90.732438
61234,41.417963,-89.914339
61235,41.401294,-90.023559
61236,41.515956,-90.367807
61238,41.282483,-90.172661
61239,41.480837,-90.381916
61240,41.421147,-90.428612
61241,41.488590,-90.321070
61242,41.708009,-90.285148
61243,41.618771,-89.682944
61244,41.522559,-90.390822
61250,41.655926,-90.112419
61251,41.730595,-90.075699
61252,41.836910,-90.125373
61254,41.467230,-90.149630
61256,41.547847,-90.407527
61257,41.593358,-90.221845
61258,41.521564,-89.914010
61259,41.392567,-90.954365
61260,41.245928,-90.884393
61261,41.726842,-89.911219
61262,41.276069,-90.348286
61263,41.258847,-90.604730
61264,41.402799,-90.595864
61265,41.482333,-90.493407
61270,41.826598,-89.963451
61272,41.253608,-91.004598
61273,41.362901,-90.398881
61274,41.368573,-90.276974
61275,41.605575,-90.307048
61276,41.304077,-90.589916
61277,41.613582,-89.930578
61278,41.582027,-90.336731
61279,41.320528,-90.726796
61281,41.299780,-90.520144
61282,41.495565,-90.412990
61283,41.591859,-89.786563
61284,41.394212,-90.751797
61285,41.985776,-90.058320
61301,41.397423,-89.084264
61310,41.702418,-89.354497
61311,41.037692,-88.860016
61312,41.436355,-89.234905
61313,41.073694,-88.668671
61314,41.296481,-89.678495
61315,41.287804,-89.364517
61316,41.259082,-89.124987
61317,41.431454,-89.208916
61318,41.711285,-89.078271
61319,41.018416,-88.742318
61320,41.354676,-89.170458
61321,40.969276,-88.973147
61322,41.314131,-89.317590
61323,41.433059,-89.396789
61324,41.769914,-89.413892
61325,41.234953,-88.809633
61326,41.246245,-89.229713
61327,41.226710,-89.311467
61328,41.499544,-89.459257
61329,41.375034,-89.180739
61330,41.535272,-89.266957
61331,41.747703,-89.277542
61332,41.188769,-88.988778
61333,40.989245,-88.888154
61334,41.145113,-89.098451
61335,41.165748,-89.218354
61336,41.112606,-89.231916
61337,41.436413,-89.328430
61338,41.458737,-89.676107
61340,41.261250,-89.250157
61341,41.352165,-88.693197
61342,41.543677,-89.084088
61344,41.411154,-89.839694
61345,41.280245,-89.794395
61346,41.511190,-89.718402
61348,41.285723,-89.035197
61349,41.544823,-89.442299
61350,41.372095,-88.865127
61353,41.704316,-88.991053
61354,41.327928,-89.143248
61356,41.396035,-89.413241
61358,40.978724,-89.044023
61359,41.362452,-89.271459
61360,41.328215,-88.600511
61361,41.413064,-89.756154
61362,41.358708,-89.233220
61363,41.254185,-89.182339
61364,41.127938,-88.841173
61367,41.621412,-89.259488
61368,41.262136,-89.517537
61369,40.984046,-89.155061
61370,41.199778,-89.038477
61372,41.464900,-89.078018
61373,41.407228,-88.995936
61374,41.547712,-89.358725
61375,41.035173,-89.243431
61376,41.545347,-89.613262
61377,41.061382,-89.034038
61378,41.722671,-89.155402
61379,41.390795,-89.606980
61401,40.944205,-90.385824
61410,40.796475,-90.396007
61411,40.400982,-90.502128
61412,41.078398,-90.579715
61413,41.186590,-90.370422
61414,41.124679,-90.155739
61415,40.656310,-90.431270
61416,40.499397,-90.562897
61417,40.774174,-90.538320
61418,40.850174,-90.862586
61419,41.199461,-90.117460
61420,40.547734,-90.866967
61421,41.187539,-89.647935
61422,40.551362,-90.532761
61423,40.886282,-90.501204
61424,41.076767,-89.634994
61425,40.759242,-91.040150
61426,41.119997,-89.706980
61427,40.508521,-90.183878
61428,40.943829,-90.107135
61430,40.939105,-90.310833
61431,40.608009,-90.276497
61432,40.648385,-90.153167
61433,40.554375,-90.168989
61434,41.183842,-90.038489
61435,40.975148,-90.544946
61436,40.860149,-90.223174
61437,40.846879,-90.992327
61438,40.582743,-90.651654
61439,41.028467,-90.357031
61440,40.305582,-90.598626
61441,40.338564,-90.277187
61442,41.108865,-90.921684
61443,41.263671,-89.944897
61447,40.866806,-90.754347
61448,40.933602,-90.246806
61449,41.095042,-89.975133
61450,40.578637,-90.979104
61451,40.938697,-89.939478
61452,40.236190,-90.660627
61453,41.012202,-90.764135
61454,40.681930,-91.039891
61455,40.440468,-90.638016
61458,40.782237,-90.183157
61459,40.510245,-90.419564
61460,40.716661,-90.829174
61462,40.923313,-90.644576
61465,41.210673,-90.479667
61466,41.110013,-90.479663
61467,41.076365,-90.240803
61468,41.257745,-90.387780
61469,40.955988,-90.908236
61470,40.603863,-90.504840
61471,40.697480,-90.834837
61472,41.102144,-90.382871
61473,40.707687,-90.640428
61474,40.736456,-90.380402
61475,40.597924,-90.753451
61476,41.099146,-90.833940
61477,40.495994,-90.310552
61478,40.757855,-90.760645
61479,41.004790,-89.644768
61480,40.727421,-90.913356
61482,40.384629,-90.408207
61483,41.084830,-89.881372
61484,40.299710,-90.435260
61485,41.021282,-90.102912
61486,41.194794,-90.576436
61488,41.032242,-90.318324
61489,40.930858,-90.033162
61490,41.185531,-90.258712
61491,41.054464,-89.730734
61501,40.228366,-90.311915
61516,40.858083,-89.135201
61517,40.828373,-89.844846
61519,40.460070,-90.088956
61520,40.539026,-90.023221
61523,40.911930,-89.537770
61524,40.491321,-90.034735
61525,40.848482,-89.669082
61526,40.922901,-89.619957
61528,40.778970,-89.722981
61529,40.782018,-89.937608
61530,40.714296,-89.260092
61531,40.682505,-90.036794
61532,40.339487,-89.818789
61533,40.586374,-89.842499
61534,40.414441,-89.666079
61535,40.578864,-89.516514
61536,40.689425,-89.793782
61537,41.119166,-89.471442
61539,40.556403,-89.762073
61540,41.014600,-89.366597
61541,40.980378,-89.234952
61542,40.389729,-90.130236
61543,40.420832,-89.964909
61544,40.693648,-90.235793
61545,40.870710,-89.353494
61546,40.448338,-89.809589
61547,40.580796,-89.720965
61548,40.814012,-89.419925
61550,40.610249,-89.441854
61552,40.817660,-89.565721
61553,40.625932,-90.032265
61554,40.539343,-89.618320
61559,40.919018,-89.779203
61560,41.187262,-89.419790
61561,40.802862,-89.200878
61562,40.880395,-89.501542
61563,40.492024,-90.054216
61564,40.493466,-89.653494
61565,41.038714,-89.505036
61567,40.358139,-89.896566
61568,40.510560,-89.481508
61569,40.683232,-89.900619
61570,40.921070,-89.325771
61571,40.704146,-89.417889
61572,40.803170,-90.044471
61602,40.674562,-89.608597
61603,40.712882,-89.576722
61604,40.705715,-89.653644
61605,40.676584,-89.633277
61606,40.699812,-89.611490
61607,40.627135,-89.685132
61610,40.642116,-89.599560
61611,40.713242,-89.535841
61614,40.759136,-89.604123
61615,40.737893,-89.686781
61616,40.746726,-89.571641
61625,40.697615,-89.612701
61701,40.476769,-88.992994
61704,40.471127,-88.944538
61705,40.412620,-88.895569
61720,40.554670,-88.514468
61721,40.350757,-89.323483
61722,40.418661,-88.632370
61723,40.264664,-89.276542
61724,40.322856,-88.533248
61725,40.610560,-89.119118
61726,40.738395,-88.692315
61727,40.142554,-88.960868
61728,40.571735,-88.627336
61729,40.628659,-89.221294
61730,40.532486,-88.729413
61731,40.613947,-88.485525
61732,40.529638,-89.208063
61733,40.618858,-89.336899
61734,40.375637,-89.512968
61735,40.200639,-88.814798
61736,40.402310,-88.840561
61737,40.464516,-88.745295
61738,40.744994,-89.029988
61739,40.732942,-88.520725
61740,40.884263,-88.861634
61741,40.759435,-88.404270
61742,40.635275,-89.268459
61743,40.875664,-88.781679
61744,40.739971,-88.887112
61745,40.324880,-88.971071
61747,40.416123,-89.435255
61748,40.622347,-88.996766
61749,40.092849,-89.116222
61750,40.123545,-88.859650
61751,40.214556,-89.299252
61752,40.339590,-88.754232
61753,40.629726,-88.787987
61754,40.333755,-89.181944
61755,40.528022,-89.337173
61756,40.031242,-88.973447
61759,40.437314,-89.336061
61760,40.879243,-89.021795
61761,40.529016,-88.958935
61764,40.882442,-88.628136
61769,40.882009,-88.399364
61770,40.442966,-88.525267
61771,40.702016,-89.131374
61772,40.381256,-89.065969
61773,40.565619,-88.383025
61774,40.430678,-89.203945
61775,40.653696,-88.375962
61776,40.566647,-88.874226
61777,40.244063,-88.945663
61778,40.232881,-89.091171
61801,40.108966,-88.211024
61802,40.131498,-88.156770
61810,39.916122,-87.914791
61811,40.292742,-87.622848
61812,40.226685,-87.911218
61813,39.910756,-88.565713
61814,40.230607,-87.572471
61815,40.110752,-88.376547
61816,39.922809,-88.001216
61817,40.035275,-87.716283
61818,39.886711,-88.716499
61820,40.107890,-88.244266
61821,40.109646,-88.274903
61822,40.136481,-88.305307
61830,40.033078,-88.716508
61831,40.225090,-87.792070
61832,40.136234,-87.636466
61833,40.099747,-87.644220
61834,40.152546,-87.673298
61839,40.137717,-88.629166
61840,40.298873,-88.300263
61841,40.020594,-87.816871
61842,40.238677,-88.665395
61843,40.317241,-88.373903
61844,40.142967,-87.869207
61845,40.373621,-88.396814
61846,39.977252,-87.607538
61847,40.319302,-88.011242
61848,40.308060,-87.702771
61849,40.014226,-87.967370
61850,39.931008,-87.738581
61851,39.960820,-88.434724
61852,39.903152,-88.075799
61853,40.214956,-88.421171
61854,40.199872,-88.529328
61855,39.922139,-88.660929
61856,40.026762,-88.580118
61857,40.116554,-87.842280
61858,40.134258,-87.761877
61859,40.150428,-87.962905
61862,40.306027,-87.958606
61863,39.905255,-88.278472
61864,39.975064,-88.152723
61865,40.304925,-87.802464
61866,40.312587,-88.154549
61870,39.897549,-87.618389
61871,40.190222,-87.968042
61872,39.945376,-88.378110
61873,40.133896,-88.039122
61874,40.047157,-88.256753
61875,40.103485,-88.416420
61876,39.901327,-87.836174
61877,39.989192,-88.081601
61878,40.242651,-88.145453
61880,39.973795,-88.248906
61882,40.106230,-88.754729
61883,40.037393,-87.641523
61884,40.089160,-88.477814
61910,39.677185,-88.297938
61911,39.700938,-88.469322
61912,39.522387,-88.040820
61913,39.827555,-88.466090
61914,39.630343,-88.762449
61917,39.714200,-87.897725
61919,39.784439,-88.137770
61920,39.512028,-88.154235
61924,39.786183,-87.663252
61925,39.719105,-88.840528
61928,39.451216,-88.501263
61929,39.824789,-88.625797
61930,39.680887,-88.130478
61931,39.586339,-88.349775
61932,39.803595,-87.879047
61933,39.546695,-87.926758
61936,39.801351,-88.730259
61937,39.741355,-88.654821
61938,39.484141,-88.374771
61940,39.807701,-87.818525
61941,39.804067,-88.072940
61942,39.813836,-87.996741
61943,39.673103,-88.030850
61944,39.600845,-87.700643
61949,39.633642,-87.873648
61951,39.595754,-88.590280
61953,39.803409,-88.291339
61955,39.582172,-87.591665
61956,39.858190,-88.135009
61957,39.441804,-88.611557
62001,38.881444,-89.744999
62002,38.938538,-90.125303
62006,39.053054,-90.669715
62009,39.091549,-89.798118
62010,38.921117,-90.045305
62011,39.126511,-89.216001
62012,39.044749,-90.148200
62013,38.956413,-90.573646
62014,39.043376,-89.951132
62015,39.221451,-89.544038
62016,39.295025,-90.431767
62017,39.065099,-89.368619
62018,38.907779,-90.081320
62019,39.018669,-89.441465
62021,38.983665,-89.976556
62022,39.003162,-90.326185
62023,39.112293,-89.787059
62024,38.875606,-90.073491
62025,38.831391,-89.932326
62027,39.249602,-90.562735
62028,38.958230,-90.354956
62030,39.154621,-90.164239
62031,39.111496,-90.536930
62032,39.115639,-89.288514
62033,39.136567,-89.839885
62034,38.754871,-89.972284
62035,38.962875,-90.242457
62036,38.918311,-90.589735
62037,39.010943,-90.465066
62040,38.725838,-90.111791
62044,39.363052,-90.221550
62045,39.264194,-90.690137
62046,38.889834,-89.846171
62047,39.123135,-90.626568
62048,38.801357,-90.091714
62049,39.131717,-89.481382
62050,39.440017,-90.544720
62051,39.201650,-89.403275
62052,39.110571,-90.321217
62053,39.319254,-90.665420
62054,39.204343,-90.339427
62056,39.179457,-89.671970
62058,38.971118,-89.769571
62059,38.656488,-90.165046
62060,38.681906,-90.142400
62061,38.789567,-89.779093
62062,38.725931,-89.961315
62063,39.198422,-90.149764
62065,39.226090,-90.632707
62067,38.929024,-89.983292
62069,39.089106,-89.739298
62070,39.296898,-90.732493
62074,38.955000,-89.689742
62075,39.302262,-89.296245
62076,39.343372,-89.219136
62077,39.031034,-89.522480
62078,39.478630,-90.486079
62079,39.110499,-90.143849
62080,39.137908,-89.104220
62081,39.264927,-90.225000
62082,39.489989,-90.317508
62083,39.354451,-89.201432
62084,38.838368,-90.063668
62085,39.081894,-89.804500
62086,38.980771,-89.579837
62087,38.817014,-90.065488
62088,39.012430,-89.799816
62089,39.129585,-89.495141
62090,38.670356,-90.169630
62091,39.056246,-89.610567
62092,39.418572,-90.431226
62093,39.066361,-89.853922
62094,39.245549,-89.349870
62095,38.861343,-90.069002
62097,38.936656,-89.852627
62098,39.386098,-90.304622
62201,38.644323,-90.140058
62203,38.599955,-90.077337
62204,38.633745,-90.090166
62205,38.609757,-90.122803
62206,38.572218,-90.166692
62207,38.582466,-90.123247
62208,38.595364,-90.004917
62214,38.376408,-89.603629
62215,38.508296,-89.608858
62216,38.618617,-89.601788
62217,38.175221,-89.852833
62218,38.522191,-89.473788
62219,38.605786,-89.431899
62220,38.478277,-89.998032
62221,38.512175,-89.905355
62223,38.535922,-90.059478
62225,38.542964,-89.852114
62226,38.535162,-89.999556
62230,38.635005,-89.530995
62231,38.612258,-89.319337
62232,38.631487,-89.999888
62233,37.942252,-89.788551
62234,38.683215,-89.982058
62236,38.436589,-90.216459
62237,38.186721,-89.568470
62238,38.034013,-89.542673
62239,38.535176,-90.161471
62240,38.501857,-90.176557
62241,38.011193,-89.893864
62242,38.112957,-89.948834
62243,38.419053,-89.889400
62244,38.195693,-90.198775
62245,38.545339,-89.562816
62246,38.890366,-89.427577
62248,38.303038,-89.996400
62249,38.755322,-89.667366
62250,38.540795,-89.266110
62253,38.777731,-89.300082
62254,38.609353,-89.822906
62255,38.313204,-89.783121
62257,38.284874,-89.728709
62258,38.460897,-89.782081
62260,38.460653,-90.100700
62261,37.997579,-90.000394
62262,38.939792,-89.293230
62263,38.326439,-89.410588
62264,38.315762,-89.900151
62265,38.499764,-89.673407
62266,38.486685,-89.677069
62268,38.276295,-89.539572
62269,38.599987,-89.915474
62271,38.450120,-89.519141
62272,37.991857,-89.596983
62273,38.786795,-89.583856
62274,38.100030,-89.413973
62275,38.809868,-89.551148
62277,38.097110,-90.112311
62278,38.207527,-89.992598
62279,38.150897,-90.135745
62280,37.846636,-89.647988
62281,38.706880,-89.779352
62282,38.363067,-89.718104
62284,38.881265,-89.313988
62285,38.389548,-90.010539
62286,38.118590,-89.715824
62288,37.988592,-89.687262
62289,38.596906,-89.751472
62292,38.211462,-89.677286
62293,38.619321,-89.697140
62294,38.702560,-89.867485
62295,38.283878,-90.323662
62297,38.052121,-89.806332
62298,38.310793,-90.159394
62301,39.931138,-91.385695
62305,39.928189,-91.343938
62311,40.209847,-90.930892
62312,39.707290,-91.024194
62313,40.317726,-91.228289
62314,39.767988,-90.891698
62316,40.235474,-91.053025
62319,40.152482,-90.731284
62320,40.030377,-91.082819
62321,40.409722,-91.095437
62323,39.797568,-90.687395
62324,39.998277,-90.966328
62325,40.045624,-91.162046
62326,40.416736,-90.809095
62330,40.571437,-91.125784
62334,40.388846,-91.233644
62336,40.468065,-91.171385
62338,39.987974,-91.238047
62339,40.128504,-91.038100
62340,39.734770,-90.728245
62341,40.426611,-91.295738
62343,39.696603,-91.245013
62344,40.168894,-90.831101
62345,39.704319,-91.127325
62346,40.150624,-90.951257
62347,39.870093,-91.088955
62348,40.187552,-91.367329
62349,40.170546,-91.191859
62351,40.113608,-91.268867
62352,39.564547,-90.650116
62353,39.967967,-90.756345
62354,40.528412,-91.345937
62355,39.412245,-90.778624
62356,39.589680,-91.076672
62357,39.685820,-90.867067
62358,40.587585,-91.253470
62359,40.033138,-91.201056
62360,39.816263,-91.263432
62361,39.480283,-90.645467
62362,39.782328,-90.747127
62363,39.590496,-90.769665
62365,39.796400,-91.165131
62366,39.472086,-90.901821
62367,40.299312,-90.874264
62370,39.517293,-91.007228
62373,40.241879,-91.339323
62374,40.408924,-90.912064
62375,40.006342,-90.868520
62376,40.120548,-91.434891
62378,39.905859,-90.634784
62379,40.283497,-91.403355
62380,40.238230,-91.190901
62401,39.118722,-88.562385
62410,38.538800,-87.733213
62411,39.071264,-88.733651
62413,39.138799,-87.837748
62414,39.174413,-88.826356
62417,38.707240,-87.766552
62418,39.022272,-88.973758
62419,38.610736,-87.989672
62420,39.287033,-87.998545
62421,38.753530,-87.943530
62422,39.238796,-88.883247
62423,39.462687,-87.579890
62424,38.991159,-88.420192
62425,38.830094,-88.092198
62426,38.892322,-88.664029
62427,38.873127,-87.649864
62428,39.262654,-88.136713
62431,39.228170,-88.988744
62432,39.135473,-88.139823
62433,39.106742,-87.715756
62434,38.842047,-88.321795
62436,39.179864,-88.252556
62438,39.321114,-88.869227
62439,38.744062,-87.639699
62440,39.395491,-88.267884
62441,39.397619,-87.697612
62442,39.303946,-87.853807
62443,38.954328,-88.627068
62444,39.276544,-88.739300
62445,39.169156,-88.321348
62446,38.502952,-88.213291
62447,39.314746,-88.448275
62448,38.968356,-88.179181
62449,39.006223,-87.914352
62450,38.713182,-88.089183
62451,38.971206,-87.611114
62452,38.590061,-88.014703
62454,38.999665,-87.755852
62458,39.024780,-88.851563
62459,38.930022,-88.027785
62460,38.601727,-87.717505
62461,39.194169,-88.684349
62462,39.236991,-88.460632
62463,39.276648,-88.605375
62465,39.349390,-88.640463
62466,38.728411,-87.852631
62467,39.131186,-88.435002
62468,39.276946,-88.270309
62469,39.351236,-88.333828
62471,38.946188,-89.130148
62473,39.021649,-88.567764
62474,39.423611,-88.000675
62475,38.889631,-88.046510
62476,38.542112,-88.016560
62477,39.233553,-87.643438
62478,39.179972,-87.743616
62479,39.037041,-88.306897
62480,38.997392,-87.999575
62481,39.127228,-88.022012
62501,39.941961,-88.805357
62510,39.530665,-89.028916
62512,40.143468,-89.210602
62513,39.721984,-89.150811
62514,39.762441,-89.050691
62515,39.860416,-89.378281
62517,39.591653,-89.425262
62518,40.054193,-89.191409
62519,39.928796,-89.395320
62520,39.818041,-89.455998
62521,39.817070,-88.926317
62522,39.827583,-89.047800
62523,39.844096,-88.952216
62526,39.901605,-88.989407
62530,39.560286,-89.675123
62531,39.674378,-89.377560
62532,39.763354,-88.989253
62533,39.446936,-89.615992
62534,39.529684,-88.800594
62535,39.924871,-88.968976
62536,39.629013,-89.652261
62537,39.853267,-89.094760
62538,39.356412,-89.519915
62539,39.866030,-89.251291
62540,39.583957,-89.417493
62541,39.965366,-89.355146
62543,39.971422,-89.152233
62544,39.706394,-88.967836
62545,39.756717,-89.388304
62546,39.431455,-89.445923
62547,39.770482,-89.242253
62548,39.981254,-89.283539
62549,39.771029,-88.867155
62550,39.617876,-88.989628
62551,39.855374,-89.158927
62553,39.266267,-89.107186
62554,39.944478,-88.882261
62555,39.462980,-89.210466
62556,39.474974,-89.375213
62557,39.396869,-89.104534
62558,39.586712,-89.549853
62560,39.298630,-89.602818
62561,39.863895,-89.501913
62563,39.719259,-89.496252
62565,39.411777,-88.804095
62567,39.645213,-89.189850
62568,39.561004,-89.289158
62570,39.588581,-89.448004
62571,39.381008,-88.960225
62572,39.360937,-89.701524
62573,39.945409,-89.074133
62601,39.749094,-90.039255
62610,39.558844,-90.434858
62611,39.884116,-90.398177
62612,39.896048,-90.063158
62613,39.997432,-89.665941
62615,39.585061,-89.757381
62617,40.156822,-90.169890
62618,39.982598,-90.402049
62621,39.726720,-90.520580
62622,39.978177,-90.353449
62624,40.156569,-90.363732
62625,39.910049,-89.687458
62626,39.282802,-89.883939
62627,40.059128,-90.111077
62628,39.779463,-90.403198
62629,39.677477,-89.716922
62630,39.254828,-90.090501
62631,39.827417,-90.354199
62633,40.223540,-89.870793
62634,40.011749,-89.454744
62635,40.296711,-89.471453
62638,39.609301,-90.081236
62639,40.037670,-90.486012
62640,39.428260,-89.804994
62642,40.093598,-89.724853
62643,40.242994,-89.451703
62644,40.287943,-90.054538
62649,39.357528,-90.070237
62650,39.734542,-90.223047
62655,40.169931,-89.986537
62656,40.140745,-89.370598
62661,39.668014,-89.826988
62663,39.540551,-90.328759
62664,40.212562,-89.724144
62665,39.816949,-90.529555
62666,40.086111,-89.543875
62667,39.487765,-89.992297
62668,39.565113,-90.238419
62670,39.742995,-89.891711
62671,40.172880,-89.558457
62672,39.398009,-89.804455
62673,40.085543,-89.978691
62674,39.441118,-90.023313
62675,40.036029,-89.847921
62677,39.852210,-89.883178
62681,40.136241,-90.542754
62682,40.298725,-89.630971
62684,39.909609,-89.586366
62685,39.139883,-90.002766
62688,39.945973,-89.923096
62689,39.533670,-89.761848
62690,39.505912,-89.762809
62691,39.958257,-90.210428
62692,39.583520,-89.939137
62693,39.958048,-89.516172
62694,39.622780,-90.477118
62695,39.627088,-90.223650
62701,39.800708,-89.648813
62702,39.824137,-89.641940
62703,39.762432,-89.629838
62704,39.773498,-89.683840
62707,39.854960,-89.650458
62711,39.765466,-89.729326
62712,39.753814,-89.579701
62801,38.512863,-89.141837
62803,38.453336,-89.295029
62806,38.382237,-88.076602
62807,38.744774,-88.940675
62808,38.306180,-89.188699
62809,38.268646,-88.290948
62810,38.201276,-88.752318
62811,38.382970,-87.905586
62812,37.997347,-88.916946
62814,38.378397,-88.731915
62815,38.458352,-87.966440
62816,38.189765,-88.922922
62817,37.954474,-88.476107
62818,38.383278,-87.965346
62819,37.977311,-89.016586
62820,38.242402,-88.237445
62821,38.071022,-88.129673
62822,37.977539,-89.056451
62823,38.528520,-88.445583
62824,38.669452,-88.341669
62825,37.998887,-89.068659
62827,38.170656,-88.047709
62828,38.194537,-88.601621
62829,37.973558,-88.489540
62830,38.443409,-88.967632
62831,38.234969,-89.222732
62832,38.011822,-89.248910
62833,38.361723,-88.164177
62835,38.106048,-88.321638
62836,38.094569,-88.805455
62837,38.360406,-88.352856
62838,38.883771,-88.739995
62839,38.665702,-88.501238
62841,37.859261,-89.000174
62842,38.467672,-88.371044
62843,38.382210,-88.199061
62844,38.262729,-88.043467
62846,38.142517,-88.868153
62848,38.434116,-89.166535
62849,38.584940,-88.773698
62850,38.494727,-88.594820
62851,38.427545,-88.659954
62852,38.350223,-87.866785
62853,38.516107,-88.912193
62854,38.769938,-88.801043
62856,37.956409,-88.838457
62858,38.811813,-88.492950
62859,38.081344,-88.532699
62860,38.041367,-88.731934
62861,38.030335,-88.022988
62862,38.219114,-88.299337
62863,38.415834,-87.859872
62864,38.330493,-88.902519
62865,37.972104,-89.080092
62867,37.912266,-88.098946
62868,38.677710,-88.228125
62869,37.956600,-88.277773
62870,38.635153,-89.053057
62871,37.875359,-88.272861
62872,38.268168,-88.809735
62874,37.918705,-88.976028
62875,38.755452,-89.121198
62876,38.276413,-89.195732
62877,38.392824,-89.211204
62878,38.574513,-88.507898
62879,38.764906,-88.360495
62880,38.866987,-88.884389
62881,38.635332,-88.927356
62882,38.636254,-89.118646
62883,38.168415,-89.120371
62884,38.083366,-89.056171
62885,38.859059,-89.054212
62886,38.380898,-88.539227
62887,38.184525,-88.361960
62888,38.130976,-89.234469
62889,38.456539,-88.823598
62890,37.906205,-88.737966
62891,38.015023,-89.042451
62892,38.808355,-89.075972
62893,38.465810,-89.030168
62894,38.208520,-89.036709
62895,38.305545,-88.555138
62896,37.890492,-88.915973
62897,38.094608,-88.898862
62898,38.350379,-89.060166
62899,38.618890,-88.642463
62901,37.739004,-89.209109
62902,37.662587,-89.117546
62903,37.674118,-89.276234
62905,37.557710,-89.367362
62906,37.462109,-89.172530
62907,37.872468,-89.497450
62908,37.310226,-88.864901
62910,37.153109,-88.534459
62912,37.476199,-89.032407
62914,37.061169,-89.218249
62915,37.783608,-89.119606
62916,37.930677,-89.568714
62917,37.693416,-88.651628
62918,37.789529,-89.088131
62919,37.524023,-88.138368
62920,37.550074,-89.237778
62921,37.801912,-89.084262
62922,37.620754,-88.814807
62923,37.346432,-89.016004
62924,37.823000,-89.198023
62926,37.366678,-89.131409
62927,37.934662,-89.242307
62928,37.482396,-88.575321
62930,37.837843,-88.441090
62931,37.521430,-88.292023
62932,37.892867,-89.213656
62933,37.772371,-89.025656
62934,37.707239,-88.358633
62935,37.839547,-88.634847
62938,37.381459,-88.539420
62939,37.551161,-88.981647
62940,37.738486,-89.471814
62941,37.239258,-88.986107
62942,37.649362,-89.472870
62943,37.357564,-88.750384
62946,37.709862,-88.538845
62947,37.528691,-88.453991
62948,37.817138,-89.030678
62949,37.827923,-89.144607
62950,37.746447,-89.560711
62951,37.823971,-88.929329
62952,37.417455,-89.343450
62953,37.209471,-88.849519
62954,37.692088,-88.279548
62956,37.279795,-88.938359
62957,37.312496,-89.426131
62958,37.630995,-89.230987
62959,37.718218,-88.910435
62960,37.225299,-88.709403
62961,37.338171,-89.254854
62962,37.075360,-89.335889
62963,37.094559,-89.169921
62964,37.129263,-89.224360
62965,37.767319,-88.520616
62966,37.775136,-89.350979
62967,37.584310,-88.736917
62969,37.154393,-89.342299
62970,37.222203,-89.090532
62972,37.542288,-88.791037
62974,37.781202,-88.782992
62975,37.633773,-89.387589
62976,37.221663,-89.204377
62977,37.851778,-88.545923
62979,37.822024,-88.186317
62982,37.424825,-88.365319
62983,37.902971,-89.121219
62984,37.708208,-88.149138
62985,37.458595,-88.685445
62987,37.618725,-88.660351
62988,37.259641,-89.289268
62990,37.228582,-89.398842
62992,37.280117,-89.165805
62994,37.906728,-89.342358
62995,37.438053,-88.877680
62996,37.157531,-89.151028
62997,37.982297,-89.590441
62998,37.512070,-89.458153
62999,37.869529,-89.056407
63005,38.644214,-90.651407
63010,38.430371,-90.392100
63011,38.603678,-90.559295
63012,38.347377,-90.453537
63013,38.406982,-91.151005
63014,38.651805,-91.313445
63015,38.405785,-90.759427
63016,38.352457,-90.634964
63017,38.651309,-90.531216
63019,38.226362,-90.376992
63020,38.100971,-90.565549
63021,38.569840,-90.545689
63023,38.268630,-90.698824
63025,38.487530,-90.620119
63026,38.503348,-90.460968
63028,38.137919,-90.392182
63030,38.113945,-90.727087
63031,38.812046,-90.353620
63033,38.800147,-90.274817
63034,38.848304,-90.288423
63036,37.982007,-90.367450
63037,38.428728,-91.303851
63038,38.577047,-90.667758
63039,38.494496,-90.839295
63040,38.572950,-90.635031
63041,38.260132,-90.787529
63042,38.784130,-90.383731
63043,38.729739,-90.461383
63044,38.772791,-90.430046
63045,38.769205,-90.463466
63047,38.195501,-90.487417
63048,38.257558,-90.393130
63049,38.481047,-90.531413
63050,38.258066,-90.579790
63051,38.377775,-90.576636
63052,38.388903,-90.436886
63053,38.366588,-90.363927
63055,38.529619,-90.835038
63056,38.399680,-91.215039
63057,38.343300,-90.405572
63060,38.260590,-90.875985
63061,38.272892,-90.812221
63068,38.565884,-91.244062
63069,38.490835,-90.732019
63070,38.287955,-90.428585
63071,38.150005,-90.821120
63072,38.369617,-90.813033
63073,38.588797,-90.782846
63074,38.726499,-90.388703
63077,38.329075,-90.984475
63079,38.260582,-91.099799
63080,38.192428,-91.075962
63084,38.421900,-91.019289
63087,38.013279,-90.451539
63088,38.549620,-90.499888
63089,38.458280,-90.889571
63090,38.535267,-91.048832
63091,38.371663,-91.393223
63101,38.631558,-90.192610
63102,38.635181,-90.187001
63103,38.629712,-90.216863
63104,38.611126,-90.214086
63105,38.644308,-90.328202
63106,38.644397,-90.208316
63107,38.663921,-90.212106
63108,38.644803,-90.253417
63109,38.584601,-90.294432
63110,38.625794,-90.266998
63111,38.558084,-90.250008
63112,38.658933,-90.282670
63113,38.658004,-90.247592
63114,38.702256,-90.363674
63115,38.682188,-90.239975
63116,38.580814,-90.264108
63117,38.630765,-90.330852
63118,38.592440,-90.226241
63119,38.588449,-90.351341
63120,38.690576,-90.262088
63121,38.707192,-90.301332
63122,38.581190,-90.417981
63123,38.547432,-90.328109
63124,38.638103,-90.380268
63125,38.518452,-90.293514
63126,38.549656,-90.378592
63127,38.534493,-90.417387
63128,38.492060,-90.386300
63129,38.458675,-90.316506
63130,38.665066,-90.325307
63131,38.617391,-90.444197
63132,38.676026,-90.377994
63133,38.680917,-90.305996
63134,38.740404,-90.345956
63135,38.749681,-90.298718
63136,38.743304,-90.259776
63137,38.750543,-90.211660
63138,38.801051,-90.192397
63139,38.610412,-90.291723
63140,38.738381,-90.323063
63141,38.658285,-90.458195
63143,38.611729,-90.321432
63144,38.619024,-90.347719
63146,38.697686,-90.474667
63147,38.694017,-90.216219
63155,38.627871,-90.205457
63301,38.858035,-90.463316
63303,38.739882,-90.543744
63304,38.703508,-90.667522
63330,39.271336,-90.804270
63332,38.596868,-90.894029
63333,39.033743,-91.309018
63334,39.297583,-91.188309
63336,39.331804,-90.934034
63339,39.344378,-91.371349
63341,38.660634,-90.806786
63343,39.154813,-90.828184
63344,39.235029,-91.003684
63345,39.277056,-91.569141
63347,39.069871,-90.766733
63348,38.785461,-90.945226
63349,38.974386,-91.150965
63350,38.901096,-91.361708
63351,38.862373,-91.312739
63352,39.247787,-91.658947
63353,39.454038,-91.113041
63357,38.661018,-91.086905
63359,39.151211,-91.356191
63361,38.965146,-91.552972
63362,38.922770,-90.869890
63363,38.883906,-91.454906
63366,38.857443,-90.725492
63367,38.774327,-90.795044
63368,38.751295,-90.729626
63369,38.935145,-90.763296
63370,39.091510,-91.240463
63373,38.929549,-90.385340
63376,38.798916,-90.606645
63377,39.110313,-91.103390
63379,39.001027,-90.995571
63381,38.986402,-91.253305
63382,39.305387,-91.495927
63383,38.804365,-91.193705
63384,39.092528,-91.553592
63385,38.796985,-90.857245
63386,38.870205,-90.219539
63387,39.183555,-91.016734
63388,38.875111,-91.757122
63389,39.010559,-90.774110
63390,38.803397,-91.040068
63401,39.690673,-91.456616
63430,40.390626,-91.542638
63431,39.740221,-92.313960
63432,40.497239,-91.993928
63433,39.531222,-91.129374
63434,39.909786,-91.947237
63435,40.199137,-91.583680
63436,39.505732,-91.552510
63437,39.728217,-92.220654
63438,39.968514,-91.687967
63439,39.801934,-91.860563
63440,39.987475,-91.758834
63441,39.480325,-91.312032
63443,39.668520,-91.882487
63445,40.395662,-91.732212
63446,40.130413,-91.987206
63447,40.097022,-91.903400
63448,40.024661,-91.557038
63450,39.668909,-92.150260
63451,39.903783,-92.205892
63452,40.093130,-91.790052
63453,40.510756,-91.867256
63454,39.922981,-91.650377
63456,39.656470,-91.728331
63457,40.165850,-91.711889
63458,39.992451,-92.019907
63459,39.579374,-91.369252
63460,39.999269,-92.207897
63461,39.790536,-91.568855
63462,39.419207,-91.701130
63463,39.851433,-91.780946
63464,39.980885,-92.083595
63465,40.527638,-91.679549
63467,39.648597,-91.270667
63468,39.684064,-92.014629
63469,39.825851,-92.041218
63471,39.907583,-91.483476
63472,40.404428,-91.585849
63473,40.246853,-91.783858
63474,40.349765,-91.893573
63501,40.166289,-92.591210
63530,39.907620,-92.455054
63531,40.300263,-92.241036
63532,39.760888,-92.572883
63533,40.199773,-92.392226
63534,39.737309,-92.648407
63535,40.559957,-92.664954
63536,40.485291,-92.355927
63537,40.149926,-92.153575
63538,39.953937,-92.679871
63539,39.927455,-92.751567
63540,40.107373,-92.410396
63541,40.504170,-92.627042
63543,40.352420,-92.014125
63544,40.243219,-92.841064
63545,40.272236,-92.964521
63546,40.337736,-92.510989
63547,40.135832,-92.297714
63548,40.536366,-92.489160
63549,40.018475,-92.486258
63551,40.500565,-92.735589
63552,39.763163,-92.436530
63555,40.486404,-92.193179
63556,40.182985,-93.127290
63557,39.970985,-92.878772
63558,39.749409,-92.751152
63559,40.219823,-92.751687
63560,40.359626,-93.120409
63561,40.419561,-92.540863
63563,40.304552,-92.065941
63565,40.480620,-92.947276
63566,40.043275,-92.925622
63567,40.418795,-92.719744
63601,37.824047,-90.544546
63620,37.381730,-90.651947
63621,37.478367,-90.610240
63622,37.790992,-90.907431
63623,37.685055,-90.882590
63624,37.755635,-90.633945
63625,37.554880,-90.971749
63626,38.069983,-90.686530
63627,38.052858,-90.267404
63628,37.945701,-90.524737
63629,37.408644,-91.236844
63630,38.029627,-90.717498
63631,37.754571,-90.788037
63633,37.442584,-91.020136
63636,37.293641,-90.575534
63637,37.712286,-90.518346
63638,37.214843,-91.019124
63640,37.754674,-90.380562
63645,37.536749,-90.338784
63648,37.825109,-90.695642
63650,37.623434,-90.609393
63653,37.860286,-90.591590
63654,37.487151,-90.857524
63655,37.388946,-90.187025
63656,37.593225,-90.797305
63660,37.909248,-90.688778
63662,37.532424,-90.050025
63663,37.622900,-90.644795
63664,37.900001,-90.927664
63665,37.292950,-90.843941
63666,37.402977,-91.055939
63670,37.885845,-90.161531
63673,37.841831,-89.991058
63674,38.036656,-90.659306
63675,37.314474,-90.694768
63701,37.335872,-89.575814
63703,37.274934,-89.540005
63730,37.098288,-89.917161
63732,37.594135,-89.575930
63735,36.977711,-89.775684
63736,37.093180,-89.510300
63738,37.089840,-89.957230
63739,37.358550,-89.800258
63740,37.175369,-89.680721
63742,37.158665,-89.446141
63743,37.521279,-89.816136
63744,37.196001,-89.738256
63745,37.239802,-89.690157
63746,37.707841,-89.694828
63747,37.556375,-89.799679
63748,37.668926,-89.626315
63750,37.153220,-90.200739
63751,37.275815,-90.128182
63755,37.439458,-89.640800
63758,37.187019,-89.555945
63760,37.242838,-89.910426
63763,37.064063,-90.173309
63764,37.319764,-89.990229
63766,37.430896,-89.836880
63767,37.046217,-89.611202
63769,37.522403,-89.736581
63770,37.597515,-89.703017
63771,37.071612,-89.703733
63774,37.089468,-89.764251
63775,37.711324,-89.877614
63780,37.188716,-89.514476
63781,37.538453,-89.928357
63782,37.122136,-90.035305
63783,37.607268,-89.679848
63784,36.984534,-89.691550
63785,37.266837,-89.822213
63787,37.121082,-90.133127
63801,36.904912,-89.618414
63820,36.824262,-89.325574
63821,36.047674,-90.239110
63822,36.665946,-89.998831
63823,36.895007,-89.460378
63824,37.004918,-89.526686
63825,36.931421,-89.945759
63826,36.170361,-89.841735
63827,36.256012,-89.887342
63828,36.750369,-89.691841
63829,36.035510,-90.308867
63830,36.135350,-89.690139
63833,36.650344,-89.730765
63834,36.914293,-89.274233
63837,36.461978,-89.992151
63839,36.044736,-89.813578
63841,36.771316,-89.984451
63845,36.712199,-89.325952
63846,36.826259,-89.799347
63847,36.439950,-90.038933
63848,36.444495,-89.906147
63849,36.138609,-89.978779
63851,36.259153,-89.717229
63852,36.367334,-90.015154
63853,36.064740,-89.870321
63855,36.069107,-90.056809
63857,36.224266,-90.045760
63860,36.652181,-89.594665
63862,36.614001,-89.641714
63863,36.566783,-89.976753
63866,36.528537,-89.605643
63867,36.732716,-89.551881
63868,36.849167,-89.693430
63869,36.597025,-89.482225
63870,36.621139,-89.857202
63873,36.422873,-89.671168
63874,36.543071,-89.822641
63876,36.132276,-90.170310
63877,36.075721,-89.858336
63878,36.503021,-89.822358
63879,36.359516,-89.812721
63880,36.326036,-90.023873
63882,36.914990,-89.222879
63901,36.759059,-90.460058
63902,36.767620,-90.427107
63932,36.683242,-90.255781
63933,36.528179,-90.106956
63934,37.198621,-90.368652
63935,36.675217,-90.921459
63936,36.808925,-90.129028
63937,36.935094,-90.783828
63939,36.651164,-90.673885
63940,36.768003,-90.227674
63941,36.885592,-91.159046
63942,36.554015,-91.074164
63943,36.827168,-90.788984
63944,37.113156,-90.359498
63945,36.632973,-90.542740
63951,37.114896,-90.257851
63952,37.009877,-90.642740
63953,36.587245,-90.637706
63954,36.557494,-90.471256
63955,36.603559,-90.680881
63956,37.213951,-90.521728
63957,37.122980,-90.648266
63960,36.956940,-90.131465
63961,36.567208,-90.277076
63962,36.844028,-90.281507
63964,37.262946,-90.414978
63965,36.965170,-91.021293
63966,36.979507,-90.264717
63967,36.940696,-90.485325
64001,39.114216,-93.540908
64011,38.959756,-94.067926
64012,38.789354,-94.543625
64014,39.006760,-94.255136
64015,39.015059,-94.312603
64016,39.119616,-94.215755
64017,39.195620,-94.024205
64018,39.454719,-94.721261
64019,38.777542,-93.865281
64020,38.967425,-93.599784
64021,39.104490,-93.619004
64022,39.194364,-93.671804
64024,39.327618,-94.226953
64029,39.005925,-94.216381
64030,38.881359,-94.522744
64034,38.858551,-94.297554
64035,39.290513,-93.812219
64036,39.193758,-93.936807
64037,39.054756,-93.732729
64040,38.723760,-93.987660
64048,39.437763,-94.363579
64050,39.115860,-94.410550
64052,39.073415,-94.450236
64053,39.109351,-94.465282
64054,39.110355,-94.439036
64055,39.050847,-94.397998
64056,39.113273,-94.319762
64057,39.071957,-94.319308
64058,39.173856,-94.313560
64060,39.368922,-94.363744
64061,38.783394,-94.084862
64062,39.455731,-94.163205
64063,38.911994,-94.351673
64064,38.974484,-94.345181
64065,38.952177,-94.404444
64066,39.135995,-94.125836
64067,39.154284,-93.836041
64068,39.258315,-94.389653
64070,38.886623,-94.148890
64071,39.027828,-93.831717
64072,39.242022,-94.293828
64074,39.083651,-94.071296
64075,38.999631,-94.145273
64076,38.983162,-93.948056
64077,39.224578,-94.139126
64078,38.702692,-94.458131
64079,39.359017,-94.793273
64080,38.764216,-94.260423
64081,38.907046,-94.403932
64082,38.862111,-94.408320
64083,38.797393,-94.445534
64084,39.385681,-94.069434
64085,39.334841,-93.945283
64086,38.899171,-94.272385
64088,39.151558,-94.181903
64089,39.393886,-94.560900
64090,38.759359,-94.163578
64092,39.217578,-94.811119
64093,38.792472,-93.730884
64096,39.208822,-93.552504
64097,39.104909,-93.984271
64098,39.468076,-94.891475
64101,39.103463,-94.600614
64102,39.093844,-94.604041
64105,39.104725,-94.590375
64106,39.104839,-94.572176
64108,39.084895,-94.586470
64109,39.065794,-94.566343
64110,39.034503,-94.572806
64111,39.057580,-94.593879
64112,39.035975,-94.595190
64113,39.014065,-94.595652
64114,38.957802,-94.598599
64116,39.148811,-94.575242
64117,39.164449,-94.522657
64118,39.212864,-94.573951
64119,39.209967,-94.514665
64120,39.135007,-94.514957
64123,39.114346,-94.523234
64124,39.107225,-94.539212
64125,39.106463,-94.494153
64126,39.091093,-94.495978
64127,39.089138,-94.538537
64128,39.065566,-94.534623
64129,39.047897,-94.491958
64130,39.033683,-94.540754
64131,38.936041,-94.585011
64132,38.988304,-94.542261
64133,39.013884,-94.457720
64134,38.928031,-94.487653
64136,39.012794,-94.405733
64137,38.935360,-94.542668
64138,38.967119,-94.467927
64139,38.968342,-94.416366
64145,38.873529,-94.594020
64146,38.882969,-94.571960
64147,38.852781,-94.550532
64149,38.865403,-94.471632
64150,39.172185,-94.632532
64151,39.215355,-94.630084
64152,39.219074,-94.724733
64153,39.274581,-94.726643
64154,39.279265,-94.637168
64155,39.272316,-94.580107
64156,39.273306,-94.519995
64157,39.279003,-94.483504
64158,39.234381,-94.482919
64161,39.158585,-94.450909
64163,39.344563,-94.688192
64164,39.329423,-94.627074
64165,39.321428,-94.576265
64166,39.322075,-94.523041
64167,39.320589,-94.487141
64192,38.960455,-94.522029
64401,39.633348,-94.715618
64402,40.257169,-94.327329
64420,40.485340,-94.288679
64421,39.912325,-94.935909
64422,39.886537,-94.499069
64423,40.192871,-94.851656
64424,40.261889,-94.036075
64426,40.521710,-93.859518
64427,40.111362,-94.833155
64428,40.436610,-95.093894
64429,39.736726,-94.225807
64430,39.838990,-94.565539
64431,40.528193,-94.996257
64432,40.263494,-94.668692
64433,40.238844,-94.680901
64434,40.261855,-94.733515
64436,39.857727,-94.691859
64437,40.122385,-95.347485
64438,40.158583,-94.413766
64439,39.524413,-94.753373
64440,39.585134,-94.910338
64441,40.392917,-94.271300
64442,40.489881,-94.011474
64443,39.742886,-94.653163
64444,39.485425,-94.648031
64445,40.540243,-95.149108
64446,40.317092,-95.414049
64448,39.596748,-94.822765
64449,40.041200,-94.978475
64451,40.001541,-95.193666
64453,40.345019,-94.480161
64454,39.596504,-94.592521
64455,40.180658,-95.005056
64456,40.493138,-94.391080
64457,40.162713,-94.682355
64458,40.514955,-94.145198
64459,39.928729,-94.645016
64461,40.521587,-94.807190
64463,40.062598,-94.482585
64465,39.549898,-94.287621
64466,40.166220,-95.106267
64467,40.401658,-94.162947
64468,40.343552,-94.881028
64469,39.918684,-94.365008
64470,40.160140,-95.229188
64471,40.253201,-94.192879
64473,39.979261,-95.076209
64474,39.754427,-94.379661
64475,40.436279,-94.623615
64476,40.452969,-94.830590
64477,39.575462,-94.452859
64479,40.333987,-94.647005
64480,40.054115,-94.705477
64481,40.353947,-93.887733
64482,40.464970,-95.546378
64483,40.038891,-94.839109
64484,39.561200,-95.017149
64485,39.949638,-94.817887
64486,40.530389,-94.624411
64487,40.300935,-95.095911
64489,40.234191,-94.548227
64490,39.731215,-94.514713
64491,40.446045,-95.358054
64492,39.470667,-94.532644
64493,39.635053,-94.318186
64494,39.990658,-94.609645
64496,40.481159,-95.645933
64497,39.930459,-94.219852
64498,40.539605,-95.321933
64499,40.393864,-94.439790
64501,39.765442,-94.844432
64503,39.748884,-94.843728
64504,39.691247,-94.905924
64505,39.846747,-94.823880
64506,39.789915,-94.803312
64507,39.728509,-94.763541
64601,39.805381,-93.579097
64620,39.894531,-94.089951
64622,39.492550,-93.542717
64623,39.469802,-93.333256
64624,39.562364,-93.784471
64625,39.744043,-93.802883
64628,39.796166,-93.041516
64630,40.037666,-93.156885
64631,39.824250,-92.866091
64632,40.468986,-93.766788
64633,39.356863,-93.484492
64635,39.952780,-93.433845
64636,40.110098,-93.980463
64637,39.557997,-93.915091
64638,39.617643,-93.620136
64639,39.391732,-93.222763
64640,39.898401,-93.936183
64641,40.175889,-93.399564
64642,40.170792,-93.836449
64643,39.613045,-93.369158
64644,39.735438,-93.975183
64645,40.300070,-93.322320
64646,40.098954,-93.308980
64647,40.031136,-93.984725
64648,39.989061,-93.802749
64649,39.773347,-94.086390
64650,39.635657,-94.071505
64651,39.766804,-93.185672
64652,40.021508,-93.418192
64653,39.897256,-93.212092
64654,39.840341,-93.773159
64655,40.446530,-93.257493
64656,39.676910,-93.692789
64657,40.127046,-94.227602
64658,39.662965,-92.917299
64659,39.784733,-93.298316
64660,39.564426,-93.098745
64661,40.536056,-93.517477
64664,39.749706,-93.651288
64667,40.385743,-93.331269
64668,39.355068,-93.704415
64670,40.047587,-94.141528
64671,39.531881,-94.050775
64672,40.544835,-93.255082
64673,40.374309,-93.586901
64674,39.962633,-93.137733
64676,39.638456,-93.058469
64679,40.237511,-93.580329
64681,39.645510,-93.230492
64682,39.549487,-93.495161
64683,40.078432,-93.601050
64686,39.748701,-93.623824
64688,39.817132,-93.375060
64689,39.872556,-94.150128
64701,38.624513,-94.329255
64720,38.404674,-94.343478
64722,38.278074,-94.542511
64723,38.361639,-94.559592
64724,38.153210,-94.006638
64725,38.490658,-94.372655
64726,38.527153,-93.921941
64728,37.703047,-94.523816
64730,38.259262,-94.300276
64733,38.584124,-93.823768
64734,38.654734,-94.559334
64735,38.367806,-93.743646
64738,37.901664,-93.651689
64739,38.511280,-94.096624
64740,38.227505,-93.702953
64741,37.818234,-94.562345
64742,38.508095,-94.541195
64743,38.668454,-94.232284
64744,37.848197,-93.978926
64745,38.171889,-94.497226
64746,38.602148,-94.496726
64747,38.578507,-94.182338
64748,37.359673,-94.090739
64750,37.940899,-94.101696
64752,38.065018,-94.563468
64755,37.337416,-94.308691
64756,37.619030,-94.015167
64759,37.521220,-94.257040
64761,38.608025,-93.675642
64762,37.546659,-94.501483
64763,38.143551,-93.701939
64765,37.995885,-94.443796
64767,37.737357,-94.201452
64769,37.480688,-94.568309
64770,38.281451,-93.989507
64771,37.751185,-94.469049
64772,37.832567,-94.334697
64776,38.049565,-93.663707
64778,37.919372,-94.479190
64779,38.092018,-94.396212
64780,38.059202,-94.046961
64781,37.983177,-93.810586
64783,38.005239,-94.109400
64784,37.664651,-94.234169
64788,38.423906,-94.019548
64790,37.927026,-94.220647
64801,37.106902,-94.497647
64804,37.021691,-94.510899
64830,37.231391,-94.410370
64831,36.659128,-94.456762
64832,37.340209,-94.573598
64833,37.193810,-94.129842
64834,37.187875,-94.573612
64835,37.148444,-94.437484
64836,37.189255,-94.279255
64840,37.016570,-94.336063
64841,37.078348,-94.416752
64842,36.789007,-94.105994
64843,36.733895,-94.443926
64844,36.916226,-94.238563
64847,36.593982,-94.440999
64848,37.171779,-93.989626
64849,37.254904,-94.444881
64850,36.860533,-94.401675
64854,36.545988,-94.455884
64855,37.295478,-94.485320
64856,36.565948,-94.269907
64857,37.245854,-94.438585
64858,36.900862,-94.530534
64859,37.162761,-94.137989
64861,36.695352,-94.154072
64862,37.100665,-94.119523
64863,36.559367,-94.583340
64865,36.842677,-94.581306
64866,36.869577,-94.156423
64867,36.728044,-94.235106
64870,37.182917,-94.477775
64873,37.013395,-94.045714
64874,36.758474,-94.054314
65001,38.290230,-92.010272
65010,38.793269,-92.237172
65011,38.388782,-92.711775
65013,38.283045,-91.767829
65014,38.316176,-91.631137
65016,38.561130,-91.935726
65017,38.092307,-92.494503
65018,38.620046,-92.563126
65020,38.006239,-92.780644
65023,38.653901,-92.396296
65024,38.619249,-91.756356
65025,38.675948,-92.690020
65026,38.324361,-92.564791
65032,38.346516,-92.378407
65034,38.559677,-92.818106
65035,38.363815,-91.946963
65037,38.243419,-92.849146
65039,38.711067,-92.296641
65040,38.348240,-92.284439
65041,38.633020,-91.489758
65043,38.622999,-92.102276
65046,38.786494,-92.488423
65047,38.150970,-92.578409
65048,38.373120,-92.040605
65049,38.199500,-92.674809
65050,38.547442,-92.688464
65051,38.469165,-91.797166
65052,38.083492,-92.617340
65053,38.527031,-92.378991
65054,38.488994,-91.949439
65058,38.249570,-92.127898
65059,38.713292,-91.869917
65061,38.599503,-91.635510
65062,38.501210,-91.659734
65063,38.725915,-92.087514
65064,38.402845,-92.471423
65065,38.134934,-92.662853
65066,38.349483,-91.484846
65067,38.761263,-91.701808
65068,38.825749,-92.614762
65069,38.753012,-91.589785
65072,38.266773,-92.729350
65074,38.484301,-92.468144
65075,38.237326,-92.250624
65076,38.379486,-92.194056
65077,38.769625,-91.818502
65078,38.389049,-93.024237
65079,38.149671,-92.749845
65080,38.636261,-91.978927
65081,38.644434,-92.782268
65082,38.219313,-92.421422
65083,38.140896,-92.446459
65084,38.434073,-92.856392
65085,38.405742,-92.083782
65101,38.495766,-92.134532
65109,38.573883,-92.277794
65201,38.900944,-92.238425
65202,39.020370,-92.296535
65203,38.884324,-92.398565
65215,38.953173,-92.320850
65230,39.290548,-92.702593
65231,39.016540,-91.897785
65232,39.160695,-91.756000
65233,38.917096,-92.728078
65236,39.440542,-93.065958
65237,38.766639,-92.793644
65239,39.533520,-92.432043
65240,39.220638,-92.125561
65243,39.268429,-92.354421
65244,39.484800,-92.659485
65246,39.378901,-92.996616
65247,39.635081,-92.470867
65248,39.138606,-92.660133
65250,39.030100,-92.840101
65251,38.841849,-91.977132
65254,39.210375,-92.853371
65255,39.102561,-92.218393
65256,39.121607,-92.455550
65257,39.287086,-92.533811
65258,39.520236,-92.135201
65259,39.475322,-92.563651
65260,39.580629,-92.385861
65261,39.475211,-92.933433
65262,38.960143,-91.955313
65263,39.459909,-92.218713
65264,39.088314,-91.685640
65265,39.203373,-91.885371
65270,39.413639,-92.394950
65274,39.015477,-92.685507
65275,39.453066,-91.994965
65276,38.852787,-92.957997
65278,39.341583,-92.410624
65279,39.001389,-92.528490
65280,39.242871,-91.736982
65281,39.471922,-92.801649
65282,39.387868,-91.822951
65283,39.509271,-91.827525
65284,39.206233,-92.293309
65285,39.271734,-91.999838
65286,39.507751,-93.220276
65287,38.886302,-92.530138
65301,38.698220,-93.226582
65305,38.733116,-93.553158
65320,39.070000,-92.947247
65321,39.085623,-93.468341
65322,38.982087,-92.951995
65323,38.443904,-93.617513
65324,38.126812,-93.029914
65325,38.439546,-93.188788
65326,38.165840,-93.139170
65327,38.973973,-93.495313
65329,38.620191,-92.964907
65330,39.217726,-92.952862
65332,38.624306,-93.414676
65333,38.900768,-93.319941
65334,38.845310,-93.226858
65335,38.504713,-93.342103
65336,38.792708,-93.575353
65337,38.794493,-93.431379
65338,38.363547,-93.279912
65339,39.195918,-93.374737
65340,39.088508,-93.175937
65344,39.313791,-93.192269
65345,38.537892,-93.126897
65347,38.991207,-93.039980
65348,38.717269,-92.971107
65349,39.230471,-93.045452
65350,38.645970,-93.090672
65351,38.994519,-93.381385
65354,38.655760,-92.873514
65355,38.219531,-93.366959
65360,38.516411,-93.517553
65401,37.899825,-91.768905
65436,37.623801,-91.963610
65438,36.931336,-91.501101
65439,37.656968,-91.064290
65440,37.619926,-91.172728
65441,38.096380,-91.159022
65443,38.131713,-92.094612
65444,37.377780,-92.053848
65446,37.777805,-91.281340
65449,37.852033,-91.494674
65452,37.966890,-92.266127
65453,38.106493,-91.439811
65456,37.784607,-91.189780
65457,37.800007,-92.051600
65459,38.029720,-92.096732
65461,37.675359,-92.042481
65462,37.683375,-91.848757
65463,37.853210,-92.783846
65464,37.186578,-91.899782
65466,37.205459,-91.348402
65468,37.249928,-91.790223
65470,37.547434,-92.401801
65473,37.706433,-92.154489
65479,37.342026,-91.636139
65483,37.298969,-91.955093
65484,37.356223,-92.227015
65486,38.108287,-92.328061
65501,37.462127,-91.566241
65529,37.922028,-91.991962
65534,37.690279,-92.284280
65535,38.070003,-91.274154
65536,37.687690,-92.644458
65541,37.646612,-91.772723
65542,37.495709,-91.883745
65543,37.453945,-92.290231
65548,37.012976,-91.712643
65550,37.823651,-91.955501
65552,37.534694,-92.165645
65555,37.367583,-91.767023
65556,37.836155,-92.408884
65557,37.509813,-92.100972
65559,38.024924,-91.610018
65560,37.596621,-91.503902
65564,37.225456,-91.971047
65565,37.892886,-91.241936
65566,37.720734,-91.126642
65567,37.865133,-92.535705
65570,37.452634,-92.094798
65571,37.186248,-91.623030
65580,38.116505,-91.789901
65582,38.204152,-91.926434
65583,37.828481,-92.257638
65584,37.828203,-92.131212
65586,37.849588,-91.431656
65588,36.982163,-91.272720
65589,37.245475,-91.838239
65590,37.606148,-92.951287
65591,37.938453,-92.640747
65601,37.539863,-93.588003
65603,37.556769,-93.865230
65604,37.269914,-93.598471
65605,36.771716,-93.654747
65606,36.697248,-91.359401
65608,36.898668,-92.677707
65609,36.542285,-92.151540
65610,37.030759,-93.530942
65611,36.549846,-93.372149
65612,37.213797,-93.538811
65613,37.636902,-93.396427
65614,36.754012,-92.910399
65616,36.669373,-93.248879
65617,37.437614,-93.334662
65618,36.733049,-92.359584
65619,37.121719,-93.394691
65620,37.026782,-92.945631
65622,37.633024,-93.103604
65623,36.748816,-93.906409
65624,36.730202,-93.566299
65625,36.674069,-93.816497
65626,36.594943,-92.130859
65627,36.566955,-93.032874
65629,36.891489,-93.000589
65630,36.832959,-93.213650
65631,37.000699,-93.423999
65632,37.497907,-92.809930
65633,36.894781,-93.534748
65634,38.015397,-93.194616
65635,37.531741,-93.717143
65637,36.756411,-92.180227
65638,36.840446,-92.325318
65640,37.698467,-93.566848
65641,36.543773,-93.769176
65644,37.510802,-93.037975
65646,37.333448,-93.703246
65647,36.692960,-94.007064
65648,37.408797,-93.166477
65649,37.617274,-93.623215
65650,37.813994,-93.441928
65652,37.133087,-92.949997
65653,36.840830,-93.140383
65654,37.022203,-93.909637
65655,36.595898,-92.425548
65656,36.793766,-93.467830
65657,36.838288,-93.007588
65658,36.540154,-93.637963
65660,37.334212,-92.273898
65661,37.467688,-93.825199
65662,37.446733,-92.570452
65663,37.623371,-93.246727
65664,37.198054,-93.615176
65667,37.308459,-92.514047
65668,37.930666,-93.288163
65669,36.911907,-93.302603
65672,36.560353,-93.219489
65674,37.785786,-93.607277
65676,36.572170,-92.615940
65679,36.574234,-93.094922
65680,36.653164,-93.003455
65681,36.550848,-93.461857
65682,37.411878,-93.961715
65685,37.751809,-93.167250
65686,36.626973,-93.444015
65689,37.144422,-92.092870
65690,36.589090,-91.279346
65692,36.627591,-91.631413
65702,37.070728,-92.493547
65704,37.127620,-92.586107
65705,36.988363,-93.621412
65706,37.322820,-92.898635
65707,37.233674,-93.843315
65708,36.902894,-93.911536
65710,37.485556,-93.421088
65711,37.176383,-92.275679
65712,37.110674,-93.800291
65713,37.404644,-92.746951
65714,37.041064,-93.321072
65715,36.731375,-92.574001
65717,37.060440,-92.416048
65720,36.940563,-92.950037
65721,36.982818,-93.209226
65722,37.582915,-92.805465
65723,36.958625,-94.040320
65724,37.845618,-93.312279
65725,37.433355,-93.288172
65727,37.755095,-93.294846
65728,36.871381,-93.345561
65729,36.513960,-92.592739
65730,36.623694,-94.177289
65731,36.653457,-93.125924
65732,37.941693,-93.161545
65733,36.527116,-92.849419
65734,36.795214,-93.941817
65735,38.039920,-93.458727
65737,36.711111,-93.359338
65738,37.139280,-93.506398
65739,36.510959,-93.274159
65740,36.713574,-93.163478
65742,37.125343,-93.088984
65744,36.622787,-92.897552
65745,36.530708,-93.970641
65746,37.146190,-92.778195
65747,36.600861,-93.580084
65752,37.327705,-93.830886
65753,37.004186,-93.043298
65754,36.836654,-93.281437
65755,36.829114,-92.623004
65756,37.098035,-93.973906
65757,37.282791,-93.099771
65759,36.753545,-93.061052
65760,36.624668,-92.292149
65761,36.576449,-92.724984
65762,36.684886,-92.651285
65764,37.814520,-92.948674
65766,36.536052,-92.268646
65767,37.852251,-93.155937
65768,36.919435,-92.270035
65769,36.919096,-93.799405
65770,37.422627,-93.548226
65771,36.772472,-93.206420
65772,36.597951,-94.024931
65773,36.762508,-92.501811
65774,37.930273,-93.489344
65775,36.700074,-91.858053
65777,36.525746,-91.997786
65778,36.530448,-91.271025
65779,37.977567,-93.378863
65781,37.355541,-93.417569
65783,37.714570,-92.933321
65784,36.679888,-92.313911
65785,37.708475,-93.825054
65786,37.964471,-92.962937
65787,38.070593,-92.883347
65788,36.806689,-91.694945
65789,36.862869,-91.873714
65790,36.703024,-92.109540
65791,36.579155,-91.497230
65793,36.991559,-91.971986
65802,37.207450,-93.354612
65803,37.283189,-93.289821
65804,37.150498,-93.251921
65806,37.205585,-93.299157
65807,37.167533,-93.324773
65809,37.166589,-93.182484
65810,37.119720,-93.309724
66002,39.538742,-95.137635
66006,38.804266,-95.232670
66007,39.156186,-94.941707
66008,39.718181,-95.176388
66010,38.088217,-94.979170
66012,39.066521,-94.920179
66013,38.730666,-94.695551
66014,38.228845,-94.987105
66015,38.074849,-95.413199
66016,39.475168,-95.231745
66017,39.703716,-95.273961
66018,38.963864,-94.967153
66019,38.945440,-95.003284
66020,39.339341,-95.116107
66021,38.766280,-95.015000
66023,39.512289,-95.392403
66024,39.736869,-94.881484
66025,38.891903,-95.083340
66026,38.395871,-94.866312
66027,39.368428,-94.911265
66030,38.815137,-94.940266
66031,38.831963,-94.890082
66032,38.286777,-95.278214
66033,38.363290,-95.122266
66035,39.870996,-95.253591
66039,38.104411,-95.164855
66040,38.354477,-94.748388
66041,39.600303,-95.307974
66042,38.422786,-95.079886
66043,39.252392,-94.879551
66044,39.023294,-95.208909
66045,38.958845,-95.247749
66046,38.904524,-95.209753
66047,38.893051,-95.346160
66048,39.282330,-94.995995
66049,38.978096,-95.344129
66050,39.011834,-95.442516
66052,39.015766,-95.048266
66053,38.581078,-94.668065
66054,39.206199,-95.198350
66056,38.151453,-94.844282
66058,39.541067,-95.520384
66060,39.418161,-95.332230
66061,38.893764,-94.879975
66062,38.835491,-94.778691
66064,38.480714,-94.988936
66066,39.203002,-95.330593
66067,38.623617,-95.276284
66070,39.205690,-95.450917
66071,38.573078,-94.864562
66072,38.309431,-94.963963
66073,39.082417,-95.368342
66075,38.200521,-94.693412
66076,38.632455,-95.443013
66078,38.484690,-95.258501
66079,38.542467,-95.108134
66080,38.408100,-95.259688
66083,38.732299,-94.830141
66085,38.798768,-94.656684
66086,39.119526,-95.081230
66087,39.802081,-95.122122
66088,39.339329,-95.461198
66090,39.787949,-94.973367
66091,38.178278,-95.312532
66092,38.701500,-95.097953
66093,38.207810,-95.494138
66094,39.951286,-95.342440
66095,38.441094,-95.438861
66097,39.328599,-95.246083
66101,39.118982,-94.625983
66102,39.108964,-94.692538
66103,39.060338,-94.626797
66104,39.150159,-94.689533
66105,39.087011,-94.638934
66106,39.069454,-94.702613
66109,39.165351,-94.829341
66111,39.084029,-94.789887
66112,39.114520,-94.773577
66115,39.148258,-94.605084
66118,39.103981,-94.613129
66202,39.023150,-94.669466
66203,39.020331,-94.705787
66204,38.990381,-94.678214
66205,39.031176,-94.630762
66206,38.960717,-94.620277
66207,38.955644,-94.643247
66208,38.997529,-94.628369
66209,38.899600,-94.638358
66210,38.922144,-94.704779
66211,38.925118,-94.635620
66212,38.955565,-94.679875
66213,38.898859,-94.708219
66214,38.967425,-94.714087
66215,38.957701,-94.744269
66216,39.013774,-94.741577
66217,39.009521,-94.782287
66218,39.020690,-94.818802
66219,38.952366,-94.776220
66220,38.959691,-94.819014
66221,38.863682,-94.708453
66223,38.863482,-94.668479
66224,38.863539,-94.626804
66226,39.030311,-94.859415
66227,38.972676,-94.874826
66401,38.932367,-96.309652
66402,38.914000,-95.843270
66403,39.893573,-96.285893
66404,39.878146,-96.173343
66406,39.894106,-96.420729
66407,39.228519,-96.198795
66408,39.959454,-95.969994
66409,38.924185,-95.559640
66411,39.645460,-96.628455
66412,39.907630,-96.777462
66413,38.768875,-95.880727
66414,38.830266,-95.688665
66415,39.688276,-96.147458
66416,39.525706,-95.863240
66417,39.656559,-96.044857
66418,39.279496,-95.933586
66419,39.360679,-95.598882
66422,39.336294,-96.085516
66423,38.801294,-96.232746
66424,39.674689,-95.404063
66425,39.816145,-95.738390
66427,39.661283,-96.438829
66428,39.676115,-95.931359
66429,39.093770,-95.534186
66431,38.806807,-96.004327
66432,39.489763,-96.066716
66434,39.863040,-95.554804
66436,39.467715,-95.691999
66438,39.854484,-96.492864
66439,39.656331,-95.540086
66440,39.268181,-95.676822
66441,38.973520,-96.803088
66442,39.091847,-96.790133
66449,39.390138,-96.856465
66451,38.614716,-95.672323
66501,39.053810,-96.237446
66502,39.156299,-96.521265
66503,39.265051,-96.695255
66506,39.195840,-96.581581
66507,39.045216,-96.068138
66508,39.855917,-96.630811
66509,39.341645,-95.776656
66510,38.499626,-95.610199
66512,39.199170,-95.545107
66514,39.126223,-96.875603
66515,39.936244,-95.703732
66516,39.627947,-95.720734
66517,39.112828,-96.706688
66518,39.965606,-96.550756
66520,39.418897,-96.617663
66521,39.480218,-96.218995
66522,39.868546,-95.941994
66523,38.610790,-95.840023
66524,38.790939,-95.506078
66526,39.064611,-96.162616
66527,39.745394,-95.673710
66528,38.602870,-95.537804
66531,39.310997,-96.821533
66532,39.821429,-95.377943
66533,39.163187,-95.947495
66534,39.884360,-95.837144
66535,39.267030,-96.433702
66536,39.225094,-96.080292
66537,38.751242,-95.719623
66538,39.850557,-96.044691
66539,39.141967,-95.840390
66540,39.490516,-95.976268
66541,39.974736,-96.366926
66542,39.010744,-95.544771
66543,38.644964,-95.592818
66544,39.692051,-96.280047
66546,38.895461,-95.721038
66547,39.231558,-96.295611
66548,39.670854,-96.762724
66549,39.427677,-96.415466
66550,39.655442,-95.820665
66552,39.587681,-95.629828
66554,39.494814,-96.790528
66603,39.057972,-95.676181
66604,39.039022,-95.726188
66605,39.011911,-95.634774
66606,39.061436,-95.719870
66607,39.042580,-95.636364
66608,39.079611,-95.663226
66609,38.978236,-95.660737
66610,38.976726,-95.844565
66611,39.018756,-95.696387
66612,39.040436,-95.680471
66614,39.010366,-95.852479
66615,39.050826,-95.897866
66616,39.068476,-95.623407
66617,39.134832,-95.623239
66618,39.139508,-95.748267
66619,38.947635,-95.688062
66621,39.033321,-95.701543
66622,39.025896,-95.722270
66701,37.823655,-94.765014
66710,37.551598,-95.624499
66711,37.637096,-94.685001
66712,37.564876,-94.714519
66713,37.040492,-94.785294
66714,37.636602,-95.698621
66716,37.948020,-95.036782
66717,37.695860,-95.696902
66720,37.648330,-95.457190
66724,37.346978,-94.856724
66725,37.156583,-94.895319
66728,37.171277,-94.704071
66732,37.799187,-95.187002
66733,37.596759,-95.254823
66734,37.618089,-94.830183
66735,37.523161,-94.708564
66736,37.551477,-95.861095
66738,38.013735,-94.723389
66739,37.125780,-94.655261
66740,37.479551,-95.364186
66741,37.719140,-94.656007
66743,37.503998,-94.893692
66746,37.668111,-94.954136
66748,37.795730,-95.441762
66749,37.935949,-95.406943
66751,37.943731,-95.289784
66753,37.362055,-95.011049
66754,38.004862,-94.885623
66755,37.928862,-95.179278
66756,37.544830,-94.659149
66757,37.417206,-95.695818
66758,38.015934,-95.586909
66760,37.348316,-94.624352
66761,37.918274,-95.569205
66762,37.393869,-94.710469
66763,37.463150,-94.697810
66767,38.073554,-94.703031
66769,37.856527,-94.889957
66770,37.080735,-94.715342
66771,37.487563,-95.145995
66772,37.754519,-95.206284
66773,37.272257,-94.806572
66775,37.701935,-95.148771
66776,37.462882,-95.489391
66777,37.807887,-95.972407
66778,37.000499,-94.840857
66779,37.825646,-94.991966
66780,37.621728,-95.056933
66781,37.288583,-94.733491
66782,37.285017,-94.926319
66783,37.874967,-95.737007
66801,38.414215,-96.218301
66830,38.602420,-96.087420
66833,38.695591,-96.195012
66834,38.862025,-96.437437
66835,38.543253,-96.258153
66838,38.555437,-96.800671
66839,38.217399,-95.748127
66840,38.063661,-96.873297
66842,38.009995,-96.651497
66843,38.222479,-96.740487
66845,38.298731,-96.508392
66846,38.647470,-96.470435
66849,38.877492,-96.589623
66850,38.433834,-96.744041
66851,38.217863,-96.918638
66852,38.064372,-95.895602
66853,38.001895,-96.235303
66854,38.250808,-95.979552
66856,38.397806,-95.811788
66857,38.093821,-95.631713
66858,38.480437,-96.932543
66859,38.557958,-96.962417
66860,38.127280,-96.165629
66861,38.367759,-97.008508
66862,38.154999,-96.556128
66863,37.832866,-96.081781
66864,38.354887,-95.981495
66865,38.223501,-96.293197
66866,38.173042,-97.107439
66868,38.544773,-95.979419
66869,38.468810,-96.515162
66870,37.944163,-96.029569
66871,38.362643,-95.610225
66872,38.790751,-96.768749
66873,38.618816,-96.679596
66901,39.560035,-97.638951
66930,39.706683,-97.479485
66932,39.779487,-98.930885
66933,39.675419,-96.872319
66935,39.840598,-97.631694
66936,39.921187,-98.316114
66937,39.588521,-97.271661
66938,39.574462,-97.413988
66939,39.852860,-97.904290
66940,39.807791,-97.448890
66941,39.835576,-98.438848
66942,39.805279,-98.000706
66943,39.671811,-96.966281
66944,39.839676,-97.303062
66945,39.887172,-96.878258
66946,39.966411,-97.004607
66948,39.598250,-97.852349
66949,39.643570,-98.186309
66951,39.844098,-99.016559
66952,39.835805,-98.604785
66953,39.690191,-97.106623
66955,39.967870,-97.297736
66956,39.794314,-98.227649
66958,39.889446,-97.177186
66959,39.923008,-97.529645
66960,39.936764,-97.434754
66962,39.599322,-97.114331
66963,39.636304,-97.998740
66964,39.941213,-97.804925
66966,39.775329,-97.766299
66967,39.819725,-98.794227
66968,39.824736,-97.065893
66970,39.948119,-98.034391
67001,37.757001,-97.635437
67002,37.700947,-97.107258
67003,37.099126,-98.073777
67004,37.278725,-97.753071
67005,37.065173,-96.995733
67008,37.486787,-96.779441
67009,37.225279,-98.268793
67010,37.663117,-96.965280
67012,37.674225,-96.544425
67013,37.381869,-97.268220
67016,37.886791,-97.514822
67017,37.826286,-97.111634
67018,37.071269,-97.853695
67019,37.306570,-96.777587
67020,38.007932,-97.675907
67021,37.778497,-98.915310
67022,37.076932,-97.626852
67023,37.346062,-96.592276
67024,37.110747,-96.486330
67025,37.642375,-97.784959
67026,37.511061,-97.491987
67028,37.458774,-98.936392
67029,37.171432,-99.279961
67030,37.785616,-97.546810
67031,37.399302,-97.639518
67035,37.649389,-98.387536
67036,37.297567,-97.876668
67037,37.571832,-97.217235
67038,37.101790,-96.723843
67039,37.527668,-96.974290
67041,38.054139,-97.129971
67042,37.857264,-96.780718
67045,37.866145,-96.345282
67047,37.631846,-96.072935
67049,37.177439,-97.846362
67050,37.674351,-97.675588
67051,37.089302,-97.196565
67052,37.657709,-97.575586
67053,38.246815,-97.346339
67054,37.575040,-99.316072
67055,37.789903,-97.197712
67056,38.021951,-97.525412
67057,37.070540,-98.780083
67058,37.317916,-98.061352
67059,37.636944,-99.097274
67060,37.542973,-97.363698
67061,37.092794,-98.381734
67062,38.145186,-97.437098
67063,38.340735,-97.233749
67065,37.464925,-98.516204
67066,37.769997,-98.766895
67067,37.794756,-97.266460
67068,37.617288,-98.105823
67070,37.079078,-98.525994
67071,37.262719,-98.882142
67072,37.545262,-96.606898
67073,38.383517,-97.326872
67074,37.670731,-96.723859
67101,37.785277,-97.464182
67103,37.266311,-97.560600
67104,37.265078,-98.664433
67105,37.233364,-97.675780
67106,37.467123,-97.757279
67107,38.194214,-97.547655
67108,37.816344,-97.690681
67109,37.561275,-99.485817
67110,37.465881,-97.226615
67111,37.614563,-97.936927
67112,37.467197,-98.419349
67114,38.075760,-97.289050
67117,38.074214,-97.346242
67118,37.481665,-97.854212
67119,37.238853,-97.195177
67120,37.469479,-97.373451
67122,37.619001,-96.428116
67123,37.948534,-96.996749
67124,37.634439,-98.773642
67127,37.164820,-99.487114
67131,37.426970,-96.955448
67132,37.850881,-96.584695
67133,37.569962,-97.107428
67134,37.490343,-98.675037
67135,37.917958,-97.460022
67137,37.633843,-96.221972
67138,37.276388,-98.415842
67140,37.079302,-97.356496
67142,37.452585,-98.113620
67143,37.341823,-98.963403
67144,37.819170,-97.003301
67146,37.384478,-97.104621
67147,37.861357,-97.312881
67149,37.539732,-97.625937
67150,37.007406,-98.222462
67151,38.142146,-97.257065
67152,37.260561,-97.427652
67154,37.978385,-97.125224
67155,37.274948,-99.137561
67156,37.255625,-96.961491
67159,37.427657,-98.309416
67202,37.686984,-97.334920
67203,37.700763,-97.365701
67204,37.762497,-97.358547
67205,37.749466,-97.423567
67206,37.704071,-97.225463
67207,37.665576,-97.227205
67208,37.703847,-97.279266
67209,37.651239,-97.428543
67210,37.630260,-97.246498
67211,37.666879,-97.317451
67212,37.702404,-97.438899
67213,37.667472,-97.364129
67214,37.707178,-97.317750
67215,37.615486,-97.420396
67216,37.611066,-97.312718
67217,37.618074,-97.362465
67218,37.668511,-97.280418
67219,37.771483,-97.318707
67220,37.751156,-97.278361
67223,37.742432,-97.495544
67226,37.773213,-97.213035
67227,37.628187,-97.499679
67228,37.769004,-97.169689
67230,37.687549,-97.173806
67232,37.636292,-97.170212
67235,37.688993,-97.500046
67260,37.719376,-97.293576
67301,37.208230,-95.756081
67330,37.158055,-95.309148
67332,37.043368,-95.236567
67333,37.045391,-95.882452
67334,37.023897,-96.177144
67335,37.274582,-95.526745
67336,37.095595,-95.064296
67337,37.053665,-95.598198
67340,37.059602,-95.713117
67341,37.344370,-95.428356
67342,37.059534,-95.357301
67344,37.287471,-95.953857
67345,37.377622,-96.199288
67346,37.323806,-96.430952
67347,37.154402,-95.951547
67349,37.494403,-96.297916
67351,37.143556,-95.568937
67352,37.407194,-96.022826
67353,37.308381,-96.317193
67354,37.209440,-95.409185
67355,37.046926,-96.010663
67356,37.176257,-95.145772
67357,37.345929,-95.261617
67360,37.038024,-96.106561
67361,37.137644,-96.217607
67363,37.339460,-95.723048
67364,37.060387,-95.810429
67401,38.831829,-97.654574
67410,38.956476,-97.219090
67416,38.673059,-97.582120
67417,39.444585,-97.545188
67418,39.174888,-98.046453
67420,39.400935,-98.085468
67422,39.021084,-97.585249
67423,38.951230,-97.975323
67425,38.782025,-97.907988
67427,38.498461,-98.399346
67428,38.369631,-97.417862
67430,39.531091,-98.424914
67431,38.951046,-97.012425
67432,39.329343,-97.193388
67436,39.269705,-97.735810
67437,39.515079,-98.555646
67438,38.495918,-97.283406
67439,38.749782,-98.220447
67441,38.878591,-97.102832
67442,38.655900,-97.772084
67443,38.380616,-97.525768
67444,38.544862,-98.136257
67445,39.371393,-97.824145
67446,39.473766,-98.305489
67447,39.485611,-96.972061
67448,38.649547,-97.412961
67449,38.676644,-96.893941
67450,38.615016,-98.451374
67451,38.703171,-97.121580
67452,39.240071,-98.371607
67454,38.698840,-98.112105
67455,39.020478,-98.165407
67456,38.600676,-97.675387
67457,38.393628,-97.992841
67458,39.170754,-97.304396
67459,38.600789,-98.340484
67460,38.382552,-97.699453
67464,38.558620,-97.897299
67466,39.327815,-97.472357
67467,39.142355,-97.695820
67468,39.459362,-97.257490
67470,38.922721,-97.507633
67473,39.378744,-98.740560
67474,39.576622,-98.716940
67475,38.589650,-97.055144
67478,39.386063,-97.938827
67480,38.965807,-97.400502
67481,39.005849,-98.382299
67482,39.026891,-97.259713
67483,38.556735,-97.203516
67484,38.993508,-97.845300
67485,39.283399,-98.501910
67487,39.179061,-97.071219
67490,38.788536,-98.439661
67491,38.383354,-97.901877
67492,38.809283,-96.962784
67501,37.977493,-97.926452
67502,38.126736,-97.929949
67505,38.031355,-97.945800
67510,38.006359,-98.206324
67511,38.432498,-99.047255
67512,38.224569,-98.335159
67513,38.445112,-99.538302
67514,37.861953,-98.202381
67515,38.624639,-100.068657
67516,38.392958,-99.686778
67518,38.414590,-100.167102
67519,37.930345,-99.091082
67520,38.589677,-99.187712
67521,38.628167,-99.712902
67522,38.122196,-97.747612
67523,38.199262,-99.544182
67524,38.369422,-98.378618
67525,38.572533,-98.563033
67526,38.313694,-98.501559
67529,38.076234,-99.254382
67530,38.352059,-98.794484
67543,37.878040,-97.799264
67544,38.586791,-98.759205
67545,38.165916,-98.610758
67546,38.236266,-97.818712
67547,37.930565,-99.455866
67548,38.589785,-99.344998
67550,38.185383,-99.124590
67552,37.866129,-99.228430
67553,38.678803,-99.304236
67554,38.372211,-98.195208
67556,38.616492,-99.523571
67557,37.934601,-98.958462
67559,38.385868,-99.454502
67560,38.399335,-99.939209
67561,38.109017,-98.096853
67563,37.844005,-99.556354
67564,38.531104,-98.930946
67565,38.600591,-99.044062
67566,37.933172,-98.097399
67567,38.272185,-98.979093
67568,38.006314,-98.316595
67570,37.787407,-97.964176
67572,38.689475,-99.916991
67573,38.264697,-98.423563
67574,38.225884,-99.384908
67575,38.411940,-99.257638
67576,38.035977,-98.795217
67578,37.991416,-98.574156
67579,38.188579,-98.235601
67581,37.977536,-98.408746
67583,37.799431,-98.475000
67584,38.681972,-100.163736
67601,38.876881,-99.349544
67621,39.821165,-99.132679
67622,39.895868,-99.735065
67623,39.444471,-98.954264
67625,39.389004,-99.685595
67626,38.881563,-98.716958
67628,39.627384,-99.001622
67629,39.699951,-100.199353
67631,39.009136,-100.081392
67632,39.343605,-99.580695
67634,38.819004,-98.608832
67635,39.590217,-100.433582
67637,38.938377,-99.605330
67638,39.614201,-98.854602
67639,39.636183,-99.307944
67640,38.914134,-99.049114
67642,39.359078,-99.844495
67643,39.677205,-100.304033
67644,39.643724,-99.157743
67645,39.590207,-99.873738
67646,39.638451,-99.577449
67647,39.934554,-99.544883
67648,39.087245,-98.580370
67649,39.126972,-98.679981
67650,39.372670,-100.102673
67651,39.212864,-99.052635
67653,39.906700,-100.208054
67654,39.823962,-99.949132
67656,38.990242,-99.755941
67657,39.202293,-99.616784
67658,39.103222,-98.947174
67659,39.322801,-100.005362
67660,38.718247,-99.156555
67661,39.820881,-99.318975
67663,39.212793,-99.354247
67664,39.818075,-99.583108
67665,38.849085,-98.882530
67667,38.713130,-99.332501
67669,39.458229,-99.344150
67671,38.847160,-99.134667
67672,39.008413,-99.912006
67673,39.152204,-98.818662
67674,38.863858,-99.068721
67675,39.446185,-99.090258
67701,39.395154,-101.061478
67730,39.808975,-101.111247
67731,39.765919,-101.537324
67732,39.424720,-101.343783
67733,39.319367,-101.512704
67734,39.523518,-100.895989
67735,39.344787,-101.753217
67736,38.851088,-100.479471
67737,39.129483,-100.478093
67738,38.982284,-100.639410
67739,39.878452,-100.812808
67740,39.374969,-100.368493
67741,39.402735,-101.994659
67743,39.372796,-101.247184
67744,39.843990,-100.939843
67745,39.807589,-101.345391
67747,39.042010,-101.065079
67748,39.039785,-100.859850
67749,39.834858,-100.562519
67751,39.125650,-100.345765
67752,38.994968,-100.251374
67753,39.432606,-100.747899
67756,39.797204,-101.836735
67757,39.552908,-100.617249
67758,38.856631,-101.764496
67761,38.969188,-101.531917
67762,38.905865,-101.975293
67764,38.926382,-101.209985
67801,37.723603,-100.057186
67831,37.185621,-99.795980
67834,37.519051,-99.633312
67835,37.966772,-100.325941
67836,38.020556,-102.008235
67837,37.554824,-100.675137
67838,38.084106,-101.127740
67839,38.470501,-100.441624
67840,37.057346,-100.043728
67841,37.634648,-100.242500
67842,37.561138,-99.769712
67843,37.730266,-99.936956
67844,37.385860,-100.194588
67846,38.034156,-100.768068
67849,38.151242,-99.708571
67850,38.586731,-100.614162
67851,38.068425,-101.021258
67853,37.885578,-100.528171
67854,38.101860,-100.018455
67855,37.551783,-101.685232
67857,37.980694,-101.555227
67859,37.235172,-100.770115
67860,38.008385,-101.307036
67861,38.470438,-101.382987
67862,37.568597,-101.913111
67863,38.573114,-101.216506
67864,37.176517,-100.317270
67865,37.435511,-99.968370
67867,37.570246,-100.463734
67868,37.821113,-100.708784
67869,37.236184,-100.566487
67870,37.522178,-101.003499
67871,38.511485,-100.888344
67876,37.862844,-99.743464
67877,37.554925,-100.843926
67878,38.028056,-101.828261
67879,38.480408,-101.805984
67880,37.582270,-101.323591
67882,37.804181,-99.879885
67901,37.097719,-100.913248
67950,37.046857,-101.867879
67951,37.158647,-101.343473
67952,37.296874,-101.151066
67953,37.250679,-101.890965
67954,37.208870,-101.641311
68001,41.331136,-96.960029
68002,41.499022,-96.337716
68003,41.081192,-96.382763
68004,42.009736,-96.623048
68005,41.142686,-95.892969
68007,41.367445,-96.190097
68008,41.546834,-96.162598
68010,41.255102,-96.132638
68014,41.282025,-96.961996
68015,41.385580,-96.643418
68016,41.041448,-96.105394
68017,41.053678,-96.657761
68018,41.302097,-96.615195
68019,41.781019,-96.375352
68020,41.971179,-96.264175
68022,41.279953,-96.250786
68023,41.447061,-96.017553
68025,41.437235,-96.487880
68028,41.105185,-96.258314
68029,41.657003,-96.273537
68030,42.322396,-96.465273
68031,41.640586,-96.525171
68033,41.124967,-96.511022
68034,41.459558,-96.225269
68036,41.387375,-96.952345
68037,40.983506,-96.130047
68038,41.947113,-96.452756
68039,42.118235,-96.346314
68040,41.283485,-96.734999
68041,41.241423,-96.493389
68042,41.098862,-96.437726
68044,41.551668,-96.442258
68045,41.825554,-96.492473
68046,41.121819,-96.052772
68047,42.111188,-96.733089
68048,40.984080,-95.942013
68050,41.300053,-96.842321
68055,42.054161,-96.472190
68057,41.661870,-96.723527
68058,41.005824,-96.244785
68059,41.064450,-96.158755
68061,41.793192,-96.207830
68062,42.198845,-96.677510
68063,41.735320,-96.497082
68064,41.355752,-96.357708
68065,41.068901,-96.839466
68066,41.186717,-96.628065
68067,42.160437,-96.482508
68068,41.397892,-96.208503
68069,41.241065,-96.315939
68070,41.196681,-96.800948
68071,42.236097,-96.471415
68072,41.609181,-96.504788
68073,41.256139,-96.415424
68102,41.262140,-95.933833
68104,41.295431,-96.002289
68105,41.240737,-95.963660
68106,41.238785,-96.002274
68107,41.210119,-95.954200
68108,41.237553,-95.930102
68110,41.302498,-95.892524
68111,41.295458,-95.964916
68112,41.374859,-95.959052
68113,41.117865,-95.906494
68114,41.263218,-96.049586
68116,41.298337,-96.166754
68117,41.207121,-96.000644
68118,41.263231,-96.178098
68122,41.372501,-96.049201
68123,41.101821,-95.943504
68124,41.235473,-96.051334
68127,41.205610,-96.049760
68128,41.182074,-96.065315
68130,41.234208,-96.195267
68131,41.264565,-95.964472
68132,41.262331,-96.001137
68133,41.112562,-95.995484
68134,41.301477,-96.048846
68135,41.207379,-96.193646
68136,41.168702,-96.186946
68137,41.205825,-96.118601
68138,41.155227,-96.129236
68142,41.371146,-96.107080
68144,41.234983,-96.118450
68147,41.173061,-95.959746
68152,41.367411,-95.996615
68154,41.265139,-96.114445
68157,41.178455,-95.993951
68164,41.296932,-96.106750
68178,41.265696,-95.947658
68301,40.458675,-96.532460
68303,40.268358,-97.428607
68304,40.878837,-96.397869
68305,40.370253,-95.864948
68307,40.788873,-96.131003
68309,40.055767,-96.567159
68310,40.249821,-96.749490
68313,40.783701,-97.271337
68314,41.011259,-97.035931
68315,40.252618,-97.544115
68316,41.024569,-97.626400
68317,40.671741,-96.507292
68318,40.150988,-96.638386
68319,40.937755,-97.759710
68320,40.487145,-95.939002
68321,40.389154,-95.688262
68322,40.342479,-97.549592
68323,40.142650,-96.382238
68324,40.560049,-96.292163
68325,40.024095,-97.753101
68326,40.283769,-97.684106
68327,40.024106,-97.624004
68328,40.485443,-96.835085
68329,40.497921,-96.169239
68331,40.472865,-96.714782
68332,40.315108,-96.400251
68333,40.622345,-96.949349
68335,40.271368,-97.793505
68336,40.965855,-96.690917
68337,40.098408,-95.831894
68338,40.313910,-97.264952
68339,40.732053,-96.870103
68340,40.125343,-97.755279
68341,40.381113,-96.920261
68342,40.097171,-96.946317
68343,40.618234,-97.132103
68344,40.566742,-96.399847
68345,40.040809,-96.024634
68346,40.657703,-96.025186
68347,40.804571,-96.425835
68348,40.310315,-96.132908
68349,40.831630,-96.296896
68350,40.041468,-97.069559
68351,40.661354,-97.434625
68352,40.142403,-97.229238
68354,40.638978,-97.577161
68355,40.109001,-95.567883
68357,40.312925,-96.547756
68358,40.531326,-96.608274
68359,40.631292,-97.284829
68360,40.950556,-96.956412
68361,40.512146,-97.598807
68362,40.152250,-97.441445
68364,40.832667,-97.218787
68365,40.604554,-97.718432
68366,40.974112,-96.434942
68367,41.039521,-97.396840
68368,40.560656,-96.821479
68370,40.139642,-97.547632
68371,40.771376,-97.790140
68372,40.609311,-96.603944
68375,40.033188,-97.456145
68376,40.174357,-95.945332
68377,40.216991,-97.019346
68378,40.386004,-96.018384
68379,40.519885,-95.867366
68380,40.241870,-96.383670
68381,40.076649,-96.480625
68382,40.597299,-96.024060
68401,40.738600,-97.591130
68402,40.907803,-96.857212
68403,40.920896,-96.168020
68404,40.613627,-96.752842
68405,40.762050,-97.073498
68406,40.500089,-97.385641
68407,40.916700,-96.266964
68409,40.907713,-95.954180
68410,40.635791,-95.883799
68413,40.846119,-96.026323
68414,40.308102,-95.665835
68415,40.069634,-96.821216
68416,40.410300,-97.459542
68417,40.733168,-96.094147
68418,40.687767,-96.403382
68419,40.599806,-96.511171
68420,40.092970,-96.209452
68421,40.493981,-95.743549
68422,40.388735,-96.694709
68423,40.807477,-96.957450
68424,40.299195,-97.016261
68428,40.964424,-96.793115
68430,40.668621,-96.663354
68431,40.067562,-95.438183
68433,40.053054,-95.738208
68434,40.909586,-97.116949
68436,40.430260,-97.738261
68437,40.226069,-95.643950
68438,40.626605,-96.744615
68439,40.995946,-97.206667
68440,40.060556,-97.001788
68441,40.227060,-96.241839
68442,40.238673,-95.773233
68443,40.447459,-96.350076
68444,40.411381,-97.577080
68445,40.389231,-97.079163
68446,40.653402,-96.175404
68447,40.208885,-96.072644
68448,40.559454,-96.024463
68450,40.363539,-96.229749
68452,40.394441,-97.852288
68453,40.416547,-97.325795
68454,40.691824,-96.288481
68455,40.820047,-95.897286
68456,40.909053,-97.320861
68457,40.153193,-95.699364
68458,40.227478,-96.509099
68460,40.890741,-97.435140
68461,40.762334,-96.511432
68462,40.952129,-96.519659
68463,40.875803,-96.129031
68464,40.428713,-97.206941
68465,40.486338,-97.022227
68466,40.066854,-96.642831
68467,40.866364,-97.595637
68502,40.785810,-96.698002
68503,40.824553,-96.674040
68504,40.854478,-96.660184
68505,40.824839,-96.619262
68506,40.779641,-96.639634
68507,40.858885,-96.614848
68508,40.818272,-96.703937
68510,40.806237,-96.635703
68512,40.738801,-96.707513
68514,40.921979,-96.653112
68516,40.735276,-96.642790
68517,40.936247,-96.615020
68520,40.799995,-96.552282
68521,40.868266,-96.705455
68522,40.787163,-96.764222
68523,40.734977,-96.758257
68524,40.907023,-96.787442
68526,40.729972,-96.582067
68527,40.847113,-96.524224
68528,40.820747,-96.820356
68531,40.901432,-96.723224
68532,40.792052,-96.842655
68601,41.454231,-97.398164
68620,41.744793,-98.076696
68621,41.492162,-96.639488
68622,41.934810,-98.622715
68623,41.441473,-98.151971
68624,41.345613,-97.229358
68626,41.169497,-96.992008
68627,41.559010,-98.174381
68628,41.227620,-97.836915
68629,41.719653,-97.132617
68631,41.691866,-97.342867
68632,41.245896,-97.131613
68633,41.706202,-96.896404
68634,41.389898,-97.493069
68635,41.083416,-97.015909
68636,42.009224,-98.152606
68637,41.881019,-98.721803
68638,41.375492,-97.992939
68640,41.460369,-97.785881
68641,41.735670,-97.015265
68642,41.689215,-97.513932
68643,41.705976,-97.263334
68644,41.704257,-97.670015
68647,41.518774,-97.628340
68648,41.400719,-96.800326
68649,41.505048,-96.785365
68651,41.228224,-97.570129
68652,41.861674,-98.044521
68653,41.558235,-97.485954
68654,41.067034,-97.779138
68655,41.655561,-98.242514
68658,41.197764,-97.281005
68659,41.545943,-96.935406
68660,41.572817,-97.869571
68661,41.492505,-97.088623
68662,41.210704,-97.417564
68663,41.319184,-97.685134
68664,41.704011,-96.786542
68665,41.769883,-98.392246
68666,41.110595,-97.611211
68667,41.109780,-97.304742
68669,41.079231,-97.236898
68701,42.019825,-97.442556
68710,42.441865,-96.859268
68711,42.194967,-99.039009
68713,42.540150,-98.959566
68714,42.430669,-99.493546
68715,41.963891,-97.609897
68716,41.927041,-96.822664
68717,42.383350,-97.222448
68718,42.669933,-97.692085
68719,42.954456,-98.560153
68720,42.344997,-98.014660
68722,42.929935,-98.869016
68723,42.282752,-97.208240
68724,42.638006,-97.894006
68725,42.197414,-98.777902
68726,42.184661,-98.210110
68727,42.515296,-97.202478
68728,42.375131,-96.947120
68729,42.471872,-97.905075
68730,42.767263,-97.534632
68731,42.404578,-96.472928
68732,42.493826,-96.978733
68733,42.285129,-96.725139
68734,42.458508,-98.803963
68735,42.139520,-98.466036
68736,42.735371,-97.367806
68739,42.625997,-97.269952
68740,42.152347,-97.296170
68741,42.343022,-96.594478
68742,42.352415,-98.529412
68743,42.457419,-96.624457
68745,42.456197,-97.083883
68746,42.809636,-98.437442
68747,42.391145,-97.496125
68748,41.836996,-97.474624
68749,42.453088,-97.475351
68751,42.690454,-96.980916
68752,42.028776,-97.723726
68753,42.883132,-99.413221
68755,42.926512,-99.130016
68756,42.183568,-97.980286
68757,42.653280,-96.927927
68758,41.792434,-97.785946
68759,42.704140,-99.310540
68760,42.708842,-97.874979
68761,42.049904,-97.962050
68763,42.501043,-98.608208
68764,42.404882,-98.231670
68765,42.342300,-97.613711
68766,42.433234,-98.403063
68767,42.199248,-97.553627
68768,41.995221,-97.066425
68769,42.325158,-97.811327
68770,42.561623,-96.764827
68771,42.395624,-97.359991
68773,42.362211,-98.119232
68774,42.812222,-97.274892
68776,42.467422,-96.447050
68777,42.860847,-98.688036
68778,42.853013,-99.798484
68779,41.955848,-97.199113
68780,42.632961,-99.128190
68781,42.025745,-97.863783
68783,42.618474,-98.159234
68784,42.257167,-96.891367
68785,42.426528,-96.724096
68786,42.501560,-97.557442
68787,42.213826,-97.030949
68788,41.839631,-96.721283
68789,42.543523,-97.970320
68790,42.156671,-97.181822
68791,41.988425,-96.984375
68792,42.742919,-97.108243
68801,40.947669,-98.292138
68803,40.956077,-98.414575
68810,40.855270,-98.463682
68812,40.887782,-99.283842
68813,41.699113,-99.856390
68814,41.316486,-99.412938
68815,41.418284,-99.143990
68816,41.177383,-98.132949
68817,41.267480,-98.793822
68818,40.817854,-98.005876
68820,41.112899,-98.701416
68821,42.010446,-99.767592
68822,41.380918,-99.631719
68823,41.956564,-99.155956
68824,40.994135,-98.597716
68825,41.264062,-99.968062
68826,41.163588,-98.016399
68827,41.042659,-98.181454
68828,41.549671,-99.237336
68831,41.108676,-98.554699
68832,40.763300,-98.369182
68833,41.825835,-100.205383
68834,41.031607,-99.658913
68835,41.331899,-98.617240
68836,40.709811,-99.373986
68837,41.659793,-99.076621
68838,41.212162,-98.662361
68840,40.759666,-98.877542
68841,40.758828,-98.171175
68842,41.567553,-98.500538
68843,40.905251,-97.890768
68844,41.053759,-99.063394
68845,40.721039,-99.164684
68846,41.068251,-97.895188
68847,40.760030,-99.017084
68849,40.700703,-99.109416
68850,40.826405,-99.739779
68852,41.161301,-99.124626
68853,41.294283,-98.991830
68854,41.009922,-98.002428
68855,41.169365,-99.325507
68856,41.544165,-99.768500
68858,40.965614,-99.376302
68859,41.474517,-98.825464
68860,41.133930,-99.795328
68861,40.702356,-99.258817
68862,41.599956,-98.936456
68863,40.766301,-99.532137
68864,41.263630,-98.235239
68865,40.896549,-98.178659
68866,40.976946,-99.124408
68869,40.996135,-98.884197
68870,40.853989,-99.167086
68871,41.140917,-98.852753
68872,41.094857,-98.334000
68873,41.240105,-98.453771
68874,41.644123,-99.418929
68875,41.563132,-98.670522
68876,40.818433,-98.755243
68878,40.982333,-99.517885
68879,41.897665,-99.509776
68881,41.438428,-99.351889
68882,41.435696,-98.391066
68883,40.808239,-98.597294
68901,40.591610,-98.372728
68920,40.154543,-99.339914
68922,40.335199,-99.896424
68923,40.359107,-99.468322
68924,40.495556,-99.118997
68925,40.428763,-98.430111
68926,40.105983,-99.840291
68927,40.499975,-99.633924
68928,40.284345,-98.606840
68929,40.150880,-99.049980
68930,40.284768,-98.415566
68932,40.315286,-98.722738
68933,40.517843,-98.022998
68934,40.340796,-98.135089
68935,40.378358,-97.962002
68936,40.328446,-99.771423
68937,40.590960,-99.881880
68938,40.415596,-98.117141
68939,40.101287,-98.968918
68940,40.547151,-99.246818
68941,40.457210,-98.278089
68942,40.096601,-98.300584
68943,40.057370,-97.907250
68944,40.643601,-98.094793
68945,40.568226,-98.777823
68946,40.111639,-99.985789
68947,40.280096,-99.047663
68948,40.318263,-100.021482
68949,40.427061,-99.388950
68950,40.461783,-98.669439
68952,40.076280,-98.662556
68954,40.622945,-98.234368
68955,40.595563,-98.542780
68956,40.636323,-98.691023
68957,40.273952,-98.246364
68958,40.518810,-99.497357
68959,40.484000,-98.916010
68960,40.096651,-99.136253
68961,40.208997,-98.043802
68964,40.238096,-97.911878
68966,40.159905,-99.467272
68967,40.254035,-99.624404
68969,40.303874,-99.283398
68970,40.110321,-98.509567
68971,40.110633,-99.247931
68972,40.118855,-98.810982
68973,40.454782,-98.564830
68974,40.125862,-97.867653
68975,40.618810,-97.948619
68976,40.590320,-99.727778
68977,40.069843,-99.630867
68978,40.066660,-98.097500
68979,40.589677,-97.851484
68980,40.676614,-98.250701
68981,40.278734,-98.896151
68982,40.332296,-99.180146
69001,40.246709,-100.643942
69020,40.197245,-100.300903
69021,40.141610,-101.540343
69022,40.379758,-100.191949
69023,40.483257,-101.907510
69024,40.232726,-100.847051
69025,40.620868,-100.509480
69026,40.046771,-100.429674
69027,40.427683,-101.542800
69028,40.635927,-100.054271
69029,40.708969,-100.252969
69030,40.211719,-101.919863
69032,40.570659,-101.014404
69033,40.559381,-101.676010
69034,40.250769,-100.433692
69036,40.048682,-100.274350
69037,40.184984,-101.405741
69038,40.587321,-100.745866
69039,40.696278,-100.391689
69040,40.350306,-101.125171
69041,40.195121,-101.765479
69042,40.476668,-100.405251
69043,40.128711,-101.255201
69044,40.130145,-101.016489
69045,40.465392,-101.369178
69046,40.076407,-100.086526
69101,41.141895,-100.800597
69120,41.397011,-100.218112
69121,41.513604,-101.688787
69122,41.131252,-102.102414
69123,41.011414,-100.371826
69125,41.626490,-102.824548
69127,41.142762,-101.932112
69128,41.226670,-103.928819
69129,41.113295,-102.409026
69130,40.894116,-99.952965
69131,41.407395,-102.973516
69132,40.793401,-100.957871
69133,41.188423,-103.460347
69134,40.835298,-101.376254
69135,42.295077,-100.219847
69138,40.995816,-100.176551
69140,40.850303,-101.773477
69141,41.306523,-102.955003
69142,41.913938,-100.304871
69143,41.211576,-101.042099
69144,41.272153,-101.537461
69145,41.246022,-103.667696
69146,41.312458,-101.773391
69147,41.575007,-102.093460
69148,41.590372,-102.598259
69149,41.221745,-102.677147
69150,40.847700,-101.543056
69151,41.090203,-100.495252
69152,42.165866,-101.215036
69153,41.101361,-101.675692
69154,41.430572,-102.351775
69155,41.188361,-101.389426
69156,41.310781,-103.331902
69157,42.062187,-100.153362
69161,42.156506,-100.781305
69162,41.129228,-103.016632
69163,41.569639,-100.541642
69165,41.264859,-101.207258
69166,42.028186,-100.608571
69167,41.596232,-101.006031
69168,40.798996,-101.986523
69169,40.821942,-101.160866
69170,40.796027,-100.744306
69171,40.890044,-100.070711
69201,42.739801,-100.567059
69210,42.359562,-99.923920
69211,42.832058,-101.303169
69212,42.932930,-100.801436
69214,42.598549,-100.099662
69216,42.977809,-100.983590
69217,42.564777,-99.666799
69218,42.789248,-101.674835
69219,42.577506,-101.203397
69220,42.865604,-100.130357
69221,42.582492,-100.300943
69301,42.122965,-102.881280
69331,41.897273,-102.991332
69333,42.050942,-101.966594
69334,41.821808,-103.290160
69335,42.074795,-102.109845
69336,41.628527,-103.167371
69337,42.827175,-103.012899
69339,42.604343,-103.412936
69340,42.214870,-102.207861
69341,41.720970,-103.632808
69343,42.702367,-102.033115
69345,41.589582,-103.744624
69346,42.625227,-103.792979
69347,42.606578,-102.684374
69348,42.275508,-103.350453
69350,41.961247,-101.764942
69351,42.028806,-102.421861
69352,41.803986,-103.973548
69353,41.747228,-103.416509
69354,42.369194,-103.603633
69355,41.783287,-103.506205
69356,41.901589,-103.450940
69357,42.110496,-103.768458
69358,42.066266,-103.968333
69360,42.696937,-102.467053
69361,41.922838,-103.622904
69365,42.985001,-102.504920
69366,42.182821,-101.585958
69367,42.811821,-103.330405
