*ZIP,LAT,LNG
80002,39.794822,-105.105292
80003,39.825373,-105.063525
80004,39.817202,-105.123954
80005,39.851650,-105.131418
80007,39.862519,-105.192405
80010,39.739249,-104.862881
80011,39.738764,-104.782159
80012,39.699735,-104.837643
80013,39.661404,-104.765658
80014,39.663559,-104.838066
80015,39.627320,-104.779035
80016,39.599458,-104.707606
80017,39.697928,-104.785460
80018,39.688002,-104.689740
80019,39.786982,-104.702170
80020,39.930782,-105.074287
80021,39.890663,-105.113724
80022,39.879646,-104.798722
80023,39.975858,-105.009387
80024,39.843876,-104.917925
80025,39.939848,-105.283942
80026,40.012251,-105.099757
80027,39.950806,-105.159495
80030,39.830822,-105.037470
80031,39.873832,-105.038659
80033,39.772675,-105.104801
80045,39.747872,-104.838305
80101,39.365030,-104.019170
80102,39.745990,-104.442841
80103,39.780010,-104.142596
80104,39.276134,-104.832238
80105,39.667581,-103.969401
80106,39.186147,-104.515915
80107,39.409358,-104.572571
80108,39.445520,-104.853001
80109,39.364264,-104.901376
80110,39.645936,-105.011368
80111,39.613005,-104.877957
80112,39.576926,-104.857826
80113,39.644445,-104.965111
80116,39.320019,-104.709712
80117,39.369612,-104.342901
80118,39.192431,-104.905265
80120,39.593836,-105.011460
80121,39.610714,-104.949039
80122,39.580309,-104.954917
80123,39.616010,-105.069449
80124,39.532889,-104.891089
80125,39.485069,-105.052316
80126,39.540572,-104.958557
80127,39.530726,-105.164344
80128,39.563846,-105.079066
80129,39.545535,-105.010351
80130,39.530958,-104.923416
80131,39.476440,-105.007544
80132,39.099410,-104.846530
80133,39.096847,-104.980513
80134,39.485499,-104.778638
80135,39.254744,-105.156973
80136,39.791978,-104.279929
80137,39.770328,-104.597351
80138,39.517532,-104.670911
80202,39.751907,-104.997633
80203,39.731686,-104.982650
80204,39.734837,-105.020395
80205,39.758857,-104.962829
80206,39.730282,-104.952592
80207,39.762298,-104.916613
80209,39.706581,-104.965750
80210,39.676626,-104.962315
80211,39.767444,-105.019736
80212,39.772047,-105.048027
80214,39.743312,-105.069025
80215,39.744773,-105.115977
80216,39.788551,-104.956478
80218,39.731085,-104.970674
80219,39.695293,-105.035601
80220,39.733819,-104.916570
80221,39.817067,-105.011035
80222,39.671019,-104.927895
80223,39.695794,-105.003843
80224,39.687746,-104.911338
80226,39.712845,-105.091519
80227,39.666287,-105.089746
80228,39.694990,-105.173144
80229,39.855318,-104.957119
80230,39.719464,-104.890279
80231,39.671420,-104.887802
80232,39.686866,-105.090234
80233,39.899671,-104.946561
80234,39.909992,-105.002643
80235,39.647607,-105.089482
80236,39.651675,-105.039569
80237,39.639871,-104.901711
80238,39.771649,-104.882471
80239,39.787628,-104.838551
80241,39.929518,-104.954808
80246,39.705197,-104.930842
80247,39.698327,-104.878815
80249,39.854746,-104.695804
80260,39.866918,-105.006059
80264,39.742477,-104.985482
80290,39.744092,-104.986754
80293,39.746253,-104.989935
80294,39.749452,-104.989270
80301,40.049468,-105.201421
80302,40.043465,-105.372324
80303,39.973222,-105.209276
80304,40.045421,-105.291263
80305,39.975334,-105.248158
80310,40.002148,-105.263655
80401,39.718726,-105.236031
80403,39.836967,-105.299574
80419,39.728399,-105.202805
80420,39.324723,-106.116757
80421,39.460932,-105.501199
80422,39.870497,-105.528825
80423,39.884824,-106.586734
80424,39.473301,-106.004254
80425,39.350155,-105.205591
80426,39.912085,-107.000453
80427,39.780281,-105.494960
80428,40.843694,-106.925249
80432,39.222372,-105.796893
80433,39.477721,-105.262386
80434,40.843252,-106.286789
80435,39.573695,-105.934609
80436,39.780974,-105.640117
80438,39.744391,-105.794123
80439,39.634422,-105.440245
80440,39.228920,-105.969828
80442,39.924007,-105.889416
80443,39.556393,-106.170245
80444,39.608406,-105.750988
80446,40.176381,-105.949079
80447,40.296598,-105.762357
80448,39.423124,-105.649844
80449,38.976576,-105.856797
80451,40.098446,-106.073143
80452,39.689403,-105.670783
80453,39.662687,-105.242573
80454,39.630111,-105.248097
80455,40.094970,-105.397691
80456,39.248322,-105.536849
80457,39.648250,-105.290978
80459,40.177204,-106.454609
80461,39.231742,-106.313157
80463,39.970544,-106.720487
80465,39.609101,-105.205545
80466,39.974483,-105.546992
80467,40.206871,-106.825671
80468,39.951923,-106.122681
80469,40.200081,-106.968565
80470,39.379793,-105.324404
80471,39.935223,-105.420972
80473,40.416393,-106.134369
80475,39.455178,-105.570364
80476,39.670628,-105.834343
80477,40.486391,-106.829354
80478,40.029019,-105.852772
80479,40.035912,-106.814497
80480,40.672888,-106.341566
80481,40.101411,-105.576764
80482,39.897522,-105.785797
80483,40.091798,-106.935980
80487,40.540952,-106.850132
80488,40.448703,-106.818184
80497,39.670756,-106.000064
80498,39.746631,-106.270530
80501,40.164837,-105.103179
80503,40.169014,-105.210376
80504,40.163388,-105.030087
80510,40.212495,-105.606827
80511,40.340181,-105.572189
80512,40.631157,-105.574043
80513,40.297380,-105.103753
80514,40.065847,-104.955479
80515,40.462346,-105.382303
80516,40.051112,-105.027632
80517,40.384744,-105.586376
80520,40.113099,-104.931431
80521,40.594597,-105.127416
80524,40.646857,-105.029513
80525,40.529861,-105.036641
80526,40.518836,-105.143224
80528,40.494596,-105.004639
80530,40.097792,-104.929279
80532,40.493095,-105.467197
80534,40.331863,-104.937467
80535,40.732954,-105.183846
80536,40.868337,-105.369065
80537,40.363199,-105.176682
80538,40.457521,-105.050761
80540,40.235694,-105.364549
80542,40.235081,-104.999386
80543,40.349679,-104.857452
80544,40.103412,-105.171093
80545,40.874586,-105.637727
80546,40.525242,-104.849696
80547,40.526630,-104.965364
80549,40.857579,-105.044150
80550,40.484657,-104.900983
80601,39.962027,-104.807809
80602,39.966363,-104.908709
80603,39.982211,-104.737094
80610,40.673769,-104.591319
80611,40.624982,-104.287097
80612,40.872141,-104.852569
80615,40.545658,-104.645698
80620,40.373756,-104.717482
80621,40.107239,-104.801290
80622,40.538013,-104.460409
80623,40.285379,-104.782532
80624,40.486784,-104.498802
80631,40.442868,-104.673072
80634,40.403315,-104.792917
80640,39.887453,-104.880987
80642,40.051416,-104.612139
80643,40.112932,-104.489163
80644,40.428280,-104.424790
80645,40.330728,-104.667961
80648,40.755864,-104.740919
80649,40.400836,-104.185793
80650,40.621518,-104.829835
80651,40.241735,-104.809410
80652,40.138877,-104.275149
80653,40.423342,-103.974634
80654,40.138103,-104.065491
80701,40.165309,-103.870735
80705,40.270499,-103.829653
80720,40.078252,-103.219881
80721,40.689612,-102.153900
80722,40.506613,-103.271661
80723,40.193773,-103.543331
80726,40.905042,-102.793047
80727,40.075829,-102.510988
80728,40.644866,-102.873872
80729,40.884243,-104.269296
80731,40.594450,-102.600328
80733,40.371386,-103.450535
80734,40.519891,-102.291952
80735,39.709824,-102.273164
80736,40.811815,-103.027237
80737,40.876140,-102.177979
80740,39.725661,-103.382898
80741,40.567222,-103.476943
80742,40.755781,-103.835012
80743,40.197118,-102.954746
80744,40.873626,-102.391968
80745,40.895496,-103.412556
80746,40.609603,-102.465912
80747,40.942361,-103.086174
80749,40.867058,-102.547276
80750,40.414765,-103.604846
80751,40.636880,-103.232406
80754,40.721755,-103.665469
80755,39.911897,-102.344974
80757,39.791027,-103.583130
80758,40.138836,-102.193094
80759,40.135241,-102.685959
80801,39.732280,-103.101271
80802,38.836946,-102.173384
80804,39.346840,-103.248069
80805,39.305959,-102.455614
80807,39.321667,-102.223231
80808,38.981599,-104.304401
80809,38.852057,-105.008560
80810,38.822287,-102.428708
80812,39.619003,-102.849918
80813,38.805388,-105.158500
80814,38.959653,-105.194278
80815,39.396721,-103.063405
80816,38.857741,-105.315864
80817,38.638580,-104.686472
80818,39.385913,-103.480409
80819,38.972089,-105.017510
80820,38.838655,-105.561131
80821,38.979959,-103.371474
80822,39.701982,-102.670238
80823,38.663464,-103.419186
80824,39.650575,-102.498735
80825,38.833241,-102.827694
80827,39.056483,-105.467359
80828,39.327762,-103.747910
80829,38.829017,-104.935144
80830,39.114246,-103.894118
80831,38.994216,-104.490669
80832,39.017177,-104.012874
80833,38.763233,-103.965090
80834,39.264797,-102.883640
80835,39.218328,-104.023254
80836,39.298004,-102.584444
80840,38.994694,-104.861958
80860,38.705809,-105.088278
80861,39.331861,-102.721831
80862,38.873184,-103.057916
80863,39.019995,-105.113586
80864,38.697666,-104.186739
80902,38.669371,-104.807956
80903,38.831526,-104.815062
80904,38.860829,-104.876163
80905,38.818910,-104.838348
80906,38.752602,-104.878232
80907,38.878231,-104.827015
80908,39.047589,-104.690533
80909,38.853475,-104.775218
80910,38.812066,-104.774580
80911,38.752916,-104.723477
80913,38.687472,-104.748776
80914,38.824001,-104.704184
80915,38.849797,-104.717043
80916,38.806967,-104.708018
80917,38.886168,-104.745264
80918,38.910393,-104.780362
80919,38.928208,-104.852626
80920,38.957598,-104.770770
80921,39.016197,-104.910486
80922,38.890614,-104.700604
80923,38.926861,-104.714813
80924,38.968013,-104.721285
80925,38.757764,-104.655864
80926,38.634733,-104.903006
80927,38.928577,-104.658334
80928,38.630403,-104.401634
80929,38.824710,-104.626967
80930,38.814229,-104.502478
80938,38.904705,-104.663409
80939,38.877605,-104.677361
80951,38.907884,-104.642636
81001,38.295719,-104.533434
81003,38.279592,-104.631463
81004,38.044054,-104.714410
81005,38.197683,-104.810446
81006,38.236135,-104.497337
81007,38.360042,-104.773198
81008,38.441619,-104.621526
81019,37.943700,-104.841876
81020,37.548854,-104.491020
81021,38.387612,-103.380930
81022,38.050166,-104.422573
81023,38.052634,-104.964220
81024,37.249355,-104.734713
81025,38.455047,-104.355296
81027,37.189352,-103.799939
81029,37.082909,-102.508878
81030,38.100738,-103.523617
81033,38.194886,-103.861345
81036,38.387663,-102.756849
81038,38.079243,-103.140420
81039,37.939070,-104.085204
81040,37.783222,-105.227208
81041,37.867474,-102.370249
81043,38.130942,-102.220917
81044,37.859663,-102.947678
81045,38.487746,-103.164635
81047,38.109603,-102.149479
81049,37.378762,-103.387574
81050,37.942354,-103.515160
81052,37.918016,-102.639554
81054,37.945704,-103.157396
81055,37.491667,-105.111560
81057,38.121810,-102.879317
81058,38.099953,-103.882859
81059,37.505391,-104.020765
81062,38.296890,-103.964339
81063,38.430710,-103.771060
81064,37.224707,-102.999283
81067,37.933631,-103.778471
81069,37.893271,-104.903626
81071,38.436195,-102.246008
81073,37.425411,-102.705136
81076,38.343221,-103.601595
81077,38.017621,-103.630845
81081,37.048164,-104.214951
81082,37.181854,-104.518043
81084,37.585749,-102.410284
81087,37.365900,-102.409003
81089,37.651580,-104.737761
81090,37.362178,-102.226659
81091,37.149009,-104.964756
81092,38.193819,-102.752246
81101,37.481245,-105.833213
81120,37.227560,-106.319313
81121,37.109777,-107.439077
81122,37.351492,-107.475814
81123,37.399731,-105.571815
81124,37.306244,-106.160588
81125,37.819261,-106.069857
81126,37.155590,-105.334587
81128,37.079692,-106.620964
81129,37.103361,-106.029047
81130,37.535676,-107.060620
81131,37.865412,-105.679141
81132,37.711322,-106.429077
81133,37.430130,-105.307195
81136,37.719510,-105.813477
81137,37.051911,-107.613601
81138,37.030764,-105.620375
81140,37.315056,-106.105367
81141,37.162298,-105.858338
81143,38.049008,-105.856686
81144,37.553439,-106.167043
81146,37.624450,-105.684002
81147,37.322856,-107.085622
81148,37.171819,-105.985414
81149,38.101708,-106.345890
81151,37.278604,-105.808117
81152,37.110768,-105.402120
81154,37.575406,-106.603809
81155,38.288273,-106.074366
81201,38.554832,-106.066038
81210,38.808682,-106.677952
81211,38.973327,-106.381258
81212,38.535754,-105.398394
81220,38.308243,-107.480574
81221,38.362348,-105.144129
81222,38.348083,-105.830570
81223,38.364529,-105.612646
81224,38.879715,-106.933212
81225,38.966452,-106.926271
81226,38.315025,-105.145290
81227,38.549238,-106.290215
81230,38.395065,-106.953683
81231,38.550024,-106.919672
81232,38.285131,-105.610466
81233,38.425974,-105.824878
81235,38.012835,-107.299418
81236,38.676321,-106.262934
81237,38.603067,-106.614052
81239,38.508808,-106.663673
81240,38.500352,-105.034304
81241,38.622863,-106.508427
81242,38.508149,-106.075489
81243,38.265999,-107.192094
81244,38.362933,-105.177721
81248,38.464302,-106.378258
81251,39.112071,-106.474415
81252,38.110643,-105.427522
81253,38.227069,-105.065171
81301,37.441078,-107.852781
81303,37.121490,-107.885499
81320,37.720141,-108.735147
81321,37.312970,-108.734537
81323,37.702733,-108.126685
81324,37.658451,-109.029605
81325,37.920163,-108.726787
81326,37.156378,-108.187079
81327,37.518051,-108.660749
81328,37.360003,-108.258342
81330,37.231252,-108.482502
81331,37.445868,-108.907291
81332,37.700350,-107.991211
81334,37.146139,-108.612966
81335,37.496407,-108.757072
81401,38.484153,-107.772919
81403,38.368301,-107.957375
81410,38.804613,-107.966364
81411,38.250859,-108.979946
81413,38.965703,-107.956201
81415,38.624243,-107.626996
81416,38.752074,-108.136959
81418,38.848899,-107.987839
81419,38.881231,-107.745058
81422,38.346587,-108.711308
81423,38.023159,-108.372470
81424,38.328284,-108.439691
81425,38.493599,-108.247485
81426,37.868211,-107.891294
81427,38.025837,-107.609762
81428,38.962987,-107.599578
81429,38.323946,-108.876176
81430,38.023635,-108.019506
81431,38.110654,-108.570085
81432,38.097119,-107.754925
81433,37.765269,-107.586247
81434,38.981709,-107.430587
81435,37.908208,-107.860545
81501,39.071848,-108.547131
81503,39.029808,-108.434076
81504,39.079633,-108.490284
81505,39.255826,-108.534246
81506,39.123368,-108.531757
81507,39.009885,-108.651873
81520,39.111083,-108.433844
81521,39.130597,-108.806395
81522,38.618218,-108.913333
81523,38.968751,-108.891394
81524,39.274252,-108.787139
81525,39.286707,-108.946166
81526,39.096926,-108.334424
81527,38.796956,-108.482549
81601,39.601304,-107.304388
81610,40.278752,-108.761691
81611,39.158172,-106.668560
81612,39.134183,-106.837368
81615,39.220609,-106.929297
81620,39.595601,-106.513435
81621,39.402639,-106.804983
81623,39.246580,-107.162855
81624,39.199484,-107.706269
81625,40.745223,-107.694794
81630,39.407867,-108.572993
81631,39.629385,-106.750040
81632,39.629202,-106.607633
81633,40.338315,-108.429204
81635,39.495029,-108.047972
81637,39.777824,-107.105819
81638,40.315572,-107.549052
81639,40.506919,-107.239230
81640,40.668299,-108.514046
81641,40.084284,-107.747345
81642,39.318251,-106.655956
81643,39.066286,-108.151539
81645,39.455604,-106.458353
81646,39.104397,-108.005191
81647,39.610533,-107.566625
81648,39.940221,-108.665369
81649,39.530227,-106.278163
81650,39.751037,-108.113722
81652,39.485172,-107.654716
81653,40.969754,-107.227193
81654,39.205556,-107.045797
81655,39.781173,-106.459886
81656,39.283850,-106.897256
81657,39.675999,-106.308296
82001,41.092356,-104.936269
82005,41.140250,-104.874531
82007,41.080998,-104.698483
82009,41.373553,-104.842810
82050,41.446986,-104.266331
82051,41.581934,-105.595429
82052,41.118551,-105.308612
82053,41.252203,-104.368869
82054,41.064273,-104.360520
82055,41.332270,-106.175710
82058,42.087082,-105.636173
82059,41.053423,-105.178649
82060,41.277387,-104.496976
82061,41.445182,-105.161358
82063,40.882289,-105.997396
82070,41.195245,-105.831882
82072,41.414287,-105.477151
82073,41.356764,-105.587542
82081,41.533638,-104.492090
82082,41.235319,-104.134235
82083,41.662191,-106.080578
82084,41.025388,-105.619771
82190,44.552610,-110.530126
82201,42.018732,-105.149002
82210,41.743949,-104.830306
82212,42.278608,-104.539289
82213,42.494688,-105.004445
82214,42.252378,-104.791214
82215,42.382000,-104.759567
82217,41.760360,-104.136425
82219,42.498716,-104.513283
82221,41.638038,-104.328472
82222,43.196135,-104.650472
82223,42.130328,-104.395784
82224,43.027155,-104.808472
82225,43.011180,-104.243870
82227,42.743075,-104.750756
82229,42.878051,-104.967096
82240,42.257616,-104.150757
82242,42.694543,-104.109376
82243,41.995412,-104.429236
82244,41.879347,-104.420881
82301,41.892016,-107.490595
82321,41.239450,-107.741407
82322,42.237737,-107.561028
82323,41.052449,-107.500084
82324,41.674474,-106.411942
82325,41.246959,-106.713116
82327,42.141638,-106.630301
82329,42.089734,-106.081233
82331,41.370024,-106.796539
82332,41.036084,-107.280714
82334,41.901041,-107.017768
82335,41.753780,-106.760179
82336,41.698283,-108.208018
82401,43.988573,-108.152151
82410,44.354714,-108.119184
82411,44.414494,-108.458033
82412,44.796848,-108.553488
82414,44.492387,-109.593597
82420,44.934330,-108.457721
82421,44.909692,-108.599103
82422,44.497663,-108.382274
82423,44.966206,-108.581214
82426,44.512840,-107.761207
82428,44.326469,-107.511302
82430,43.815463,-108.184939
82431,44.840242,-108.164383
82432,44.202999,-107.864542
82433,44.061115,-109.102295
82434,44.381888,-108.295258
82435,44.810459,-108.915036
82440,44.719748,-108.864172
82441,44.642868,-107.769976
82442,43.879297,-107.321733
82443,43.726647,-108.472130
82450,44.505179,-109.435558
82501,43.033049,-108.206993
82510,42.994046,-108.597860
82512,43.301564,-109.282617
82513,43.627124,-109.668130
82514,43.035164,-108.929406
82515,42.903732,-108.542611
82516,43.188553,-108.832009
82520,42.699170,-108.618598
82523,43.462830,-108.822660
82601,43.058940,-106.439816
82604,42.857603,-106.770764
82609,42.805201,-106.180846
82620,42.465283,-107.107180
82630,43.165169,-107.317240
82633,43.020861,-105.410680
82635,43.398153,-106.222390
82636,42.913338,-106.158433
82637,42.814344,-105.884580
82638,43.114517,-107.323054
82639,43.712117,-106.612634
82640,43.563825,-106.199923
82642,43.245273,-107.600833
82643,43.441014,-106.252286
82644,42.840611,-106.366610
82646,43.000925,-106.821962
82648,43.281053,-107.152676
82649,43.301333,-108.053346
82701,43.711636,-104.433861
82710,44.706522,-104.248772
82711,44.709224,-104.458623
82712,44.453260,-104.121622
82714,44.571551,-104.699607
82715,44.119155,-104.133391
82716,44.464635,-105.695059
82718,43.878837,-105.621622
82720,44.795996,-104.670545
82721,44.481838,-104.916416
82723,44.001929,-104.422888
82725,44.876792,-105.702593
82727,44.324053,-105.198239
82729,44.323705,-104.360408
82730,44.045538,-104.697602
82731,44.845838,-105.308135
82732,43.705442,-105.619567
82801,44.843713,-106.835993
82831,44.600097,-106.049796
82832,44.594845,-106.797089
82833,44.611356,-107.063394
82834,44.239738,-106.658714
82835,44.756041,-106.359287
82836,44.783123,-107.486942
82837,44.773384,-106.235269
82838,44.933008,-107.577595
82839,44.925813,-107.161076
82842,44.572988,-106.932360
82844,44.782566,-107.221085
82845,44.753527,-106.654623
82901,41.379272,-108.978176
82922,43.126480,-110.411256
82923,42.659063,-109.427408
82925,43.239399,-109.905709
82929,41.555746,-109.843634
82930,41.016132,-110.644930
82932,42.254134,-109.357051
82933,41.293212,-110.440833
82934,41.604084,-110.012918
82935,41.688569,-109.664735
82936,41.061984,-110.184672
82937,41.347080,-110.264865
82938,41.099639,-109.888823
82939,41.218918,-110.345571
82941,42.904663,-109.738811
82942,41.714292,-108.870798
82943,41.754643,-109.208009
82944,41.162053,-110.464639
82945,41.744069,-109.051037
83001,43.394562,-110.629837
83011,43.524181,-110.455876
83012,43.732474,-110.790692
83013,43.993776,-110.465478
83014,43.448623,-110.966891
83025,43.593898,-110.846405
83101,41.959496,-110.553166
83110,42.725902,-110.849219
83111,42.771912,-111.174095
83112,42.920608,-110.832476
83113,42.531855,-110.257868
83114,42.264515,-110.984637
83115,42.891640,-110.315245
83116,41.769544,-110.533471
83118,43.047855,-110.997576
83119,42.643918,-110.988197
83120,42.915847,-111.117315
83121,41.819716,-110.533905
83122,42.820269,-110.946542
83123,42.221111,-110.250207
83124,41.773109,-110.234012
83126,42.593741,-110.830763
83127,42.960329,-110.963578
83128,43.040079,-110.722208
83201,42.904916,-112.380093
83202,42.925511,-112.182742
83203,43.042389,-112.495960
83204,42.856338,-112.629866
83209,42.857791,-112.426322
83210,43.020349,-112.869167
83211,42.701149,-113.028458
83212,42.538792,-112.543984
83213,43.539315,-113.266776
83214,42.539846,-112.307675
83215,43.443158,-112.812491
83217,42.777857,-111.942715
83218,43.317687,-112.165272
83220,42.377246,-111.423173
83221,43.324081,-112.552045
83223,42.181781,-111.406959
83226,44.631888,-114.349810
83227,44.248910,-114.506730
83228,42.233673,-112.060271
83232,42.138463,-111.971088
83233,42.135042,-111.237956
83234,42.422579,-112.101094
83235,44.574889,-113.698601
83236,43.191095,-111.872456
83237,42.027452,-111.778558
83238,42.321016,-111.116429
83239,42.534060,-111.289969
83241,42.514851,-111.765362
83243,42.297492,-112.651289
83244,44.116803,-113.123868
83245,42.818119,-112.207732
83246,42.611071,-112.024620
83250,42.672528,-112.204751
83251,43.943580,-113.881212
83252,42.174414,-112.406564
83253,44.315204,-113.690673
83254,42.328779,-111.271877
83255,43.685697,-113.583637
83261,42.216058,-111.433149
83262,43.225760,-112.774493
83263,42.181249,-111.753213
83271,42.442204,-112.912780
83272,42.166116,-111.511170
83274,43.348840,-112.097984
83276,42.747939,-111.508511
83277,43.066895,-112.667158
83278,44.336299,-114.813696
83281,42.329852,-111.965452
83283,42.371100,-111.632470
83285,43.072392,-111.303020
83286,42.063423,-112.015748
83287,42.042246,-111.399191
83301,42.400555,-114.524876
83302,42.226893,-115.009033
83311,42.391733,-113.564720
83312,41.975985,-113.650773
83313,43.350720,-114.260756
83314,42.985016,-114.951592
83316,42.619859,-114.882859
83318,42.439675,-113.815864
83320,43.481456,-113.872707
83321,42.463501,-114.914924
83322,43.349499,-114.978595
83323,42.502958,-113.391556
83324,42.872740,-114.272110
83325,42.587877,-114.240846
83327,43.492599,-114.809455
83328,42.570448,-114.613167
83330,42.951933,-114.707998
83332,42.803128,-114.924974
83333,43.568308,-114.310950
83334,42.444460,-114.292089
83335,42.579582,-114.066822
83336,42.564680,-113.824650
83337,43.224071,-115.152058
83338,42.725104,-114.431903
83340,43.742478,-114.638311
83341,42.419106,-114.370742
83342,42.177466,-113.255097
83344,42.446919,-114.138302
83346,42.284852,-113.824404
83347,42.663622,-113.809020
83348,43.249472,-114.107680
83349,43.096544,-114.181412
83350,42.694326,-113.579982
83352,43.070085,-114.412326
83353,43.692299,-114.325161
83354,43.670188,-114.322264
83355,42.757435,-114.722206
83401,43.542409,-111.877936
83402,43.534886,-112.174467
83404,43.421905,-112.011535
83406,43.443948,-111.811633
83414,43.836791,-110.938066
83420,44.077471,-111.346444
83421,44.020098,-111.529233
83422,43.728569,-111.231457
83423,44.300087,-112.280545
83424,43.910055,-111.168110
83425,43.912196,-112.242431
83427,43.524952,-111.932584
83428,43.469849,-111.172135
83429,44.476186,-111.398268
83431,43.688427,-112.032935
83433,44.484482,-111.333103
83434,43.752647,-112.006385
83435,43.988863,-112.568602
83436,43.857158,-111.472046
83440,43.814690,-111.822546
83442,43.671986,-111.893369
83443,43.515950,-111.518092
83444,43.719372,-112.301574
83445,43.979292,-111.767357
83446,44.472573,-112.187636
83448,43.850004,-111.692649
83449,43.259048,-111.417191
83450,43.830648,-112.405569
83451,43.866555,-111.633321
83452,43.835421,-111.218327
83454,43.595424,-111.952242
83455,43.614042,-111.183881
83460,43.816972,-111.782203
83462,45.301183,-113.809337
83463,45.581486,-114.053563
83464,44.533531,-113.255751
83465,44.792741,-113.672382
83466,45.414846,-114.046629
83467,44.979814,-113.896277
83468,44.922252,-113.592213
83469,45.341800,-114.429539
83501,46.208729,-116.913734
83520,46.544438,-116.325745
83522,45.919632,-116.511565
83523,46.248903,-116.443537
83524,46.365735,-116.665543
83525,45.788829,-115.517408
83526,46.147763,-116.412071
83530,45.919925,-116.084203
83533,46.094403,-116.236870
83535,46.534195,-116.724005
83536,46.223705,-116.001302
83537,46.637598,-116.550893
83539,46.177855,-114.980094
83540,46.345204,-116.782679
83541,46.513376,-116.469465
83542,45.569127,-116.357289
83543,46.273201,-116.233430
83544,46.490865,-116.151469
83545,46.426420,-116.421800
83546,46.560009,-115.822123
83547,45.173515,-116.218129
83548,46.360925,-116.505033
83549,45.344178,-116.190911
83552,46.008057,-115.932942
83553,46.390006,-115.892311
83554,45.720056,-116.275289
83555,46.127543,-116.689431
83601,43.891165,-115.259947
83602,44.070601,-116.108680
83604,42.515345,-115.747855
83605,43.661908,-116.656290
83607,43.709411,-116.750541
83610,44.743225,-116.773547
83611,44.727247,-115.368064
83612,44.921058,-116.586316
83615,44.720241,-116.054858
83616,43.775559,-116.394918
83617,43.936819,-116.505193
83619,43.966099,-116.910257
83622,44.101355,-115.884587
83623,43.082032,-115.392631
83624,42.904725,-116.154826
83626,43.667499,-116.832129
83627,42.917840,-115.547313
83628,43.595444,-116.985621
83629,43.911871,-116.130418
83631,43.865155,-115.639901
83632,44.540010,-116.412891
83633,43.014599,-115.204966
83634,43.455641,-116.328540
83636,43.906826,-116.659398
83637,44.109504,-115.249568
83638,45.067183,-115.965680
83639,43.397377,-116.866526
83641,43.354103,-116.584684
83642,43.568006,-116.404411
83643,44.630796,-116.438936
83644,43.750958,-116.579647
83645,44.368971,-116.583493
83646,43.649557,-116.431756
83647,43.400748,-115.522903
83648,43.049579,-115.866402
83650,42.846008,-116.676479
83651,43.587749,-116.620338
83654,45.100179,-116.350507
83655,43.951249,-116.788488
83656,43.726469,-116.799128
83657,44.223025,-116.296435
83660,43.797717,-116.929571
83661,44.080716,-116.708522
83666,43.963326,-115.975879
83669,43.724538,-116.488810
83670,44.018634,-116.312919
83671,45.282312,-115.271093
83672,44.374148,-116.957099
83676,43.656041,-116.907523
83677,45.080615,-115.481929
83686,43.492217,-116.607705
83687,43.609971,-116.529134
83702,43.680472,-116.160137
83703,43.665568,-116.243033
83704,43.627161,-116.287653
83705,43.561558,-116.214363
83706,43.591442,-116.194224
83709,43.551112,-116.290079
83712,43.610535,-116.118981
83713,43.640283,-116.333528
83714,43.732720,-116.288769
83716,43.546083,-115.944468
83801,47.936835,-116.666177
83802,47.049875,-115.571720
83803,48.031501,-116.443566
83804,48.045283,-116.971344
83805,48.867051,-116.540728
83806,46.894062,-116.361162
83808,47.320639,-116.064352
83809,48.063602,-116.573545
83810,47.542489,-116.450803
83811,48.107960,-116.138084
83812,47.023228,-116.233587
83813,48.085042,-116.672772
83814,47.685687,-116.627768
83815,47.726282,-116.789948
83821,48.538977,-116.850647
83822,48.179101,-116.991105
83823,46.820935,-116.540923
83824,47.113599,-116.910037
83825,48.245783,-116.594634
83826,48.976124,-116.188948
83827,46.778329,-116.173663
83830,47.086727,-116.364991
83832,46.552294,-116.909567
83833,47.509953,-116.718368
83834,46.990843,-116.638413
83835,47.796950,-116.660251
83836,48.250908,-116.269126
83837,47.506543,-116.109692
83839,47.609496,-116.163816
83840,48.310572,-116.515166
83841,48.201518,-116.751107
83842,47.444837,-116.546548
83843,46.722245,-116.940158
83844,46.730066,-117.014806
83845,48.804787,-116.091394
83846,47.480713,-115.767256
83847,48.577859,-116.449093
83848,48.672385,-116.891551
83849,47.538098,-115.991959
83850,47.454339,-116.234095
83851,47.296877,-116.922804
83852,48.311080,-116.543458
83854,47.719340,-116.967308
83855,46.994784,-116.888154
83856,48.297327,-116.910900
83857,46.897098,-116.796287
83858,47.863047,-116.949403
83860,48.180541,-116.536223
83861,47.264602,-116.540566
83864,48.476674,-116.514487
83866,47.155053,-116.424772
83867,47.512124,-115.946935
83868,47.516307,-116.182601
83869,47.982344,-116.892359
83870,47.125874,-116.831523
83871,46.741942,-116.742680
83872,46.867496,-116.976959
83873,47.582915,-115.843529
83874,47.643151,-115.804991
83876,47.457470,-116.930561
84001,40.346686,-110.275956
84002,40.452048,-110.306744
84003,40.471654,-111.680590
84004,40.508773,-111.751403
84005,40.325116,-111.996538
84006,40.601473,-112.117219
84007,40.323702,-110.207858
84010,40.867942,-111.867845
84013,40.295924,-112.094468
84014,40.932087,-111.884033
84015,41.120367,-112.060760
84017,40.929601,-111.224304
84018,41.215208,-111.445654
84020,40.500154,-111.869576
84021,40.108244,-110.533742
84022,40.391658,-112.626720
84023,40.939026,-109.189534
84024,41.007664,-111.447334
84025,40.980801,-111.904831
84026,40.282780,-109.837771
84027,40.153826,-110.819968
84028,41.923780,-111.412329
84029,40.646370,-112.729081
84031,40.564466,-110.810639
84032,40.539413,-111.321274
84033,40.985610,-111.501145
84034,40.059545,-113.877811
84035,40.353999,-109.183101
84036,40.691541,-111.052870
84037,41.027605,-111.950941
84038,41.922699,-111.306214
84039,40.479556,-109.803813
84040,41.092343,-111.928061
84041,41.069915,-111.981254
84042,40.340772,-111.724517
84043,40.410762,-111.876790
84044,40.721150,-112.164945
84045,40.336491,-111.911190
84046,40.920775,-109.831095
84047,40.615219,-111.890729
84049,40.523642,-111.519537
84050,41.022617,-111.676858
84051,40.389463,-110.427015
84052,40.166547,-109.997558
84053,40.454672,-110.010158
84054,40.838866,-111.917284
84055,40.709586,-111.209629
84056,41.129127,-111.991930
84057,40.314277,-111.710402
84058,40.287743,-111.727923
84060,40.652346,-111.501928
84061,40.764258,-111.321133
84062,40.441154,-111.670450
84063,39.849587,-109.680896
84064,41.679273,-111.137731
84065,40.493860,-111.943722
84066,40.328260,-110.026773
84067,41.171050,-112.048138
84069,40.389907,-112.520686
84070,40.577101,-111.889046
84071,40.393861,-112.307126
84072,40.355408,-110.660309
84073,40.354653,-110.434844
84074,40.556201,-112.265744
84075,41.080987,-112.080698
84076,40.466458,-109.845533
84078,40.627601,-109.480061
84080,40.100245,-112.429915
84081,40.602795,-112.037616
84082,40.365808,-111.395303
84083,40.815562,-113.569073
84084,40.622887,-111.964564
84085,40.590702,-109.952164
84086,41.473679,-111.233054
84087,40.884929,-111.932247
84088,40.595163,-111.960908
84092,40.554151,-111.706264
84093,40.594774,-111.828533
84094,40.571875,-111.862136
84095,40.557499,-111.979453
84096,40.515787,-112.102309
84097,40.304832,-111.673117
84098,40.733685,-111.533313
84101,40.756383,-111.900062
84102,40.760250,-111.864386
84103,40.795080,-111.842571
84104,40.749441,-111.981537
84105,40.738309,-111.859559
84106,40.706763,-111.855656
84107,40.658025,-111.884450
84108,40.808501,-111.729043
84109,40.705812,-111.704544
84111,40.755959,-111.883983
84112,40.765074,-111.841491
84113,40.764641,-111.833511
84115,40.714497,-111.892687
84116,40.802748,-111.957032
84117,40.661033,-111.834700
84118,40.653522,-112.013415
84119,40.700258,-111.946425
84120,40.697476,-112.001240
84121,40.613033,-111.663944
84123,40.658888,-111.921624
84124,40.677205,-111.813271
84128,40.700450,-112.046772
84144,40.768260,-111.892525
84180,40.770444,-111.901105
84301,41.608192,-112.130121
84302,41.553593,-112.050764
84304,41.819497,-111.997798
84305,41.944033,-112.075561
84306,41.784766,-112.053817
84307,41.458619,-112.505296
84308,41.967243,-112.009131
84309,41.714107,-112.098566
84310,41.335665,-111.847402
84311,41.823670,-112.116013
84312,41.777285,-112.156085
84313,41.660143,-113.962312
84314,41.648337,-112.092803
84315,41.167508,-112.137773
84316,41.770965,-112.484431
84317,41.307999,-111.620061
84318,41.802539,-111.813693
84319,41.606288,-111.663276
84320,41.965179,-111.845797
84321,41.717722,-111.836493
84324,41.487841,-111.952660
84325,41.724760,-111.988952
84326,41.670640,-111.817816
84327,41.869888,-111.992929
84328,41.545839,-111.834777
84329,41.760498,-113.418857
84330,41.926060,-112.163257
84331,41.948447,-112.273634
84332,41.699946,-111.812133
84333,41.907231,-111.812116
84334,41.782587,-112.147640
84335,41.836112,-111.874843
84336,41.912978,-112.770604
84337,41.765101,-112.317414
84338,41.913948,-111.940640
84339,41.626019,-111.946203
84340,41.363536,-112.036066
84341,41.775539,-111.806655
84401,41.212012,-112.034564
84403,41.214990,-111.889587
84404,41.269473,-112.117645
84405,41.156796,-111.965799
84414,41.321964,-111.976133
84501,39.546389,-110.757509
84511,37.585845,-109.407800
84512,37.094107,-109.618182
84513,39.237674,-111.014473
84515,38.974840,-109.130376
84516,39.142987,-111.068844
84518,39.388873,-110.876886
84520,39.533055,-110.429496
84521,39.417033,-110.762446
84522,38.923974,-111.210953
84523,39.093675,-111.197985
84525,39.081441,-110.054367
84526,39.739526,-110.936463
84528,39.402323,-111.075783
84529,39.679446,-110.820751
84530,38.279836,-109.143112
84531,37.174265,-109.883579
84532,38.526725,-109.548649
84533,37.564888,-110.443121
84534,37.253519,-109.231924
84535,37.999676,-109.557230
84536,37.127173,-110.351269
84537,39.330055,-111.231235
84539,39.613451,-110.337801
84540,39.243397,-109.435771
84542,39.542324,-110.734989
84601,40.226569,-111.697250
84604,40.318660,-111.576956
84606,40.214440,-111.625543
84620,38.914823,-111.927685
84621,39.050965,-111.826247
84622,39.103831,-111.821679
84623,39.453838,-111.588450
84624,39.459894,-112.642706
84626,39.904448,-111.998980
84627,39.353160,-111.561071
84628,39.941547,-112.131344
84629,39.783373,-111.476408
84630,39.287324,-111.829491
84631,38.957618,-112.388783
84632,39.620158,-111.658267
84633,39.967495,-111.906770
84634,39.158405,-111.811071
84635,39.401963,-112.722943
84636,39.140601,-112.338934
84637,38.678060,-112.518082
84638,39.512163,-112.256314
84639,39.507669,-111.900088
84640,39.496888,-112.388639
84642,39.286221,-111.618891
84643,39.115164,-111.712850
84645,39.835528,-111.843671
84646,39.541055,-111.608795
84647,39.541107,-111.415821
84648,39.685805,-111.864491
84649,39.344436,-112.329197
84651,39.958215,-111.715417
84652,39.016903,-111.868223
84653,40.026902,-111.644209
84654,38.876439,-111.670908
84655,39.971313,-111.806820
84656,39.135599,-112.068388
84657,38.818586,-111.938937
84660,40.121268,-111.695542
84662,39.429470,-111.471926
84663,40.165628,-111.495076
84664,40.115107,-111.565116
84665,39.195679,-111.670247
84667,39.500342,-111.664821
84701,38.601244,-111.698403
84710,37.482451,-112.477749
84711,38.669902,-112.022656
84712,37.992535,-111.931912
84713,38.322179,-112.650931
84714,37.848004,-113.724295
84715,38.290116,-111.548784
84716,37.944390,-111.442260
84718,37.539582,-112.045105
84719,37.672573,-112.810350
84720,37.590627,-113.190988
84721,37.770340,-113.078614
84722,37.457577,-113.605393
84723,38.180066,-112.252461
84724,38.675277,-112.148888
84725,37.540352,-113.780206
84726,37.739286,-111.588150
84728,39.295173,-113.906591
84729,37.363138,-112.658709
84730,38.736308,-112.019380
84731,38.252722,-112.853374
84732,38.445402,-111.902311
84733,37.259209,-113.774912
84734,38.305338,-110.652037
84735,37.640601,-112.430772
84736,37.549888,-111.998168
84737,37.044712,-113.206012
84738,37.174278,-113.706271
84739,38.629228,-112.206129
84740,38.297847,-112.259251
84741,37.187126,-112.249416
84742,37.540108,-113.208030
84743,38.174184,-112.138463
84744,38.620207,-111.943044
84745,37.231638,-113.244595
84746,37.242791,-113.356161
84747,38.406572,-111.643882
84749,38.431025,-111.529071
84750,38.438672,-112.192102
84751,38.383423,-112.927663
84752,38.186802,-112.872652
84753,37.995219,-113.817319
84754,38.624378,-112.108864
84755,37.229667,-112.770291
84756,37.574205,-113.569120
84757,37.459324,-113.263511
84758,37.318801,-112.722460
84759,37.906609,-112.399422
84760,37.954970,-112.669165
84761,37.875242,-112.848443
84762,37.480078,-112.728815
84763,37.142288,-113.070534
84764,37.611132,-112.153475
84765,37.125774,-113.675615
84766,38.576348,-112.317073
84767,37.236992,-112.986607
84770,37.185988,-113.609694
84772,37.774202,-112.937701
84773,38.225726,-111.341096
84774,37.290432,-113.281225
84775,37.933914,-110.949416
84776,37.635599,-112.077341
84779,37.334886,-113.122148
84780,37.125867,-113.494351
84781,37.411550,-113.462096
84782,37.348824,-113.664454
84783,37.240187,-113.700847
84784,37.025334,-112.963890
84790,37.044186,-113.577299
85003,33.450662,-112.078353
85004,33.451567,-112.069886
85006,33.465234,-112.048771
85007,33.447614,-112.090883
85008,33.462954,-111.985178
85009,33.443097,-112.128136
85012,33.507577,-112.070981
85013,33.511087,-112.084749
85014,33.507223,-112.057690
85015,33.508664,-112.102018
85016,33.511517,-112.019166
85017,33.508782,-112.123068
85018,33.505956,-111.985386
85019,33.508879,-112.144514
85020,33.567351,-112.053591
85021,33.559421,-112.092875
85022,33.627240,-112.048414
85023,33.635109,-112.093768
85024,33.736104,-112.029599
85027,33.679761,-112.092529
85028,33.575740,-112.008409
85029,33.594738,-112.109861
85031,33.493971,-112.166926
85032,33.625920,-112.002503
85033,33.492969,-112.209757
85034,33.429580,-112.014097
85035,33.471449,-112.194732
85037,33.486707,-112.268258
85040,33.406479,-112.025469
85041,33.385930,-112.110307
85042,33.369197,-112.043510
85043,33.431905,-112.196998
85044,33.352957,-112.019082
85045,33.298893,-112.105877
85048,33.312552,-112.057185
85050,33.682738,-111.998063
85051,33.558659,-112.132418
85053,33.629922,-112.131609
85054,33.678536,-111.941095
85083,33.724570,-112.158548
85085,33.750815,-112.090632
85086,33.816137,-112.119971
85087,33.924598,-112.126882
85118,33.401783,-111.351777
85119,33.409686,-111.501960
85120,33.402386,-111.567878
85121,33.144406,-111.922207
85122,32.917126,-111.744208
85123,32.715299,-111.697714
85128,32.989934,-111.537957
85131,32.672511,-111.547278
85132,32.926782,-111.215097
85135,33.003771,-110.785507
85137,33.136377,-111.022570
85138,33.007626,-111.989532
85139,32.979987,-112.144852
85140,33.244531,-111.543812
85141,32.643001,-111.437094
85142,33.199990,-111.636294
85143,33.158661,-111.519050
85145,32.545998,-111.347585
85147,33.129087,-111.733471
85172,32.883352,-111.953433
85173,33.270163,-111.123285
85192,32.962942,-110.678531
85193,32.802816,-111.818167
85194,32.901108,-111.628056
85201,33.433545,-111.850400
85202,33.379757,-111.875018
85203,33.450359,-111.802894
85204,33.395720,-111.786608
85205,33.432420,-111.718512
85206,33.396296,-111.717019
85207,33.454586,-111.637972
85208,33.403307,-111.628063
85209,33.375450,-111.638670
85210,33.389733,-111.843505
85212,33.322324,-111.635342
85213,33.448733,-111.769015
85215,33.511896,-111.579396
85224,33.323672,-111.878461
85225,33.317448,-111.830487
85226,33.252249,-112.010268
85233,33.353505,-111.811432
85234,33.361667,-111.741003
85248,33.214955,-111.869973
85249,33.224956,-111.795717
85250,33.534451,-111.887354
85251,33.493513,-111.919239
85253,33.544833,-111.957563
85254,33.615485,-111.952235
85255,33.668187,-111.822523
85256,33.500584,-111.843728
85257,33.461960,-111.916392
85258,33.564295,-111.895881
85259,33.601112,-111.809488
85260,33.610739,-111.891472
85262,33.835028,-111.806018
85263,33.839569,-111.523548
85264,33.635113,-111.532284
85266,33.766460,-111.918051
85268,33.606089,-111.743277
85281,33.427440,-111.934004
85282,33.393984,-111.932906
85283,33.364638,-111.931604
85284,33.338295,-111.934644
85286,33.271981,-111.831774
85295,33.303241,-111.741807
85296,33.332328,-111.749802
85297,33.277771,-111.731454
85298,33.241186,-111.726727
85301,33.535011,-112.181933
85302,33.568090,-112.178089
85303,33.532699,-112.221063
85304,33.599739,-112.178276
85305,33.531745,-112.256093
85306,33.624556,-112.176589
85307,33.539828,-112.314451
85308,33.660382,-112.184964
85309,33.535476,-112.376673
85310,33.707649,-112.159214
85320,33.910187,-113.209957
85321,32.237753,-112.653302
85322,33.159109,-112.872034
85323,33.419233,-112.326866
85324,34.119191,-112.044271
85325,33.992347,-113.911284
85326,33.293755,-112.590514
85328,33.252625,-114.620354
85331,33.878890,-111.912687
85332,34.181110,-112.904743
85333,33.022104,-113.283539
85334,33.516572,-114.516407
85335,33.592283,-112.327691
85336,32.548757,-114.788734
85337,32.964032,-112.704343
85338,33.372975,-112.410829
85339,33.237666,-112.158587
85340,33.515827,-112.414041
85341,31.879191,-112.798973
85342,33.944549,-112.451374
85343,33.337498,-112.685719
85344,34.080654,-114.216239
85345,33.573244,-112.245852
85346,33.635982,-114.145877
85347,32.797510,-113.789648
85348,33.714236,-113.721274
85349,32.508824,-114.743975
85350,32.561218,-114.693547
85351,33.605791,-112.284060
85352,32.719378,-113.839479
85353,33.417511,-112.276974
85354,33.430339,-113.046090
85355,33.576119,-112.454619
85356,32.689010,-114.162214
85357,34.020672,-113.450652
85360,34.739430,-113.464036
85361,33.764116,-112.614597
85362,34.279917,-112.834716
85363,33.584969,-112.304916
85364,32.702260,-114.658013
85365,33.096439,-114.125340
85367,32.671715,-114.395516
85371,33.828542,-114.375841
85373,33.671423,-112.299656
85374,33.640996,-112.378330
85375,33.685809,-112.366168
85377,33.823195,-111.913378
85379,33.603091,-112.369109
85381,33.609172,-112.230381
85382,33.654291,-112.249474
85383,33.807403,-112.251970
85387,33.709497,-112.450960
85388,33.602322,-112.432071
85390,33.903622,-112.875667
85392,33.477580,-112.308889
85395,33.478693,-112.395249
85396,33.527803,-112.701269
85501,33.559004,-110.769126
85530,33.065174,-110.199648
85531,32.884109,-109.790074
85533,33.353944,-109.405783
85534,32.753782,-109.141655
85535,32.986470,-109.912689
85536,33.120651,-110.015939
85539,33.340635,-110.897224
85540,33.002890,-109.381548
85541,34.194537,-111.304309
85542,33.324677,-110.310846
85543,32.978573,-109.989395
85544,34.303856,-111.561133
85545,33.564981,-111.140637
85546,32.813752,-109.355230
85550,33.579645,-110.452417
85551,32.724329,-109.588476
85552,32.819951,-109.770830
85553,33.847223,-111.186589
85554,33.976652,-110.960344
85601,31.588675,-111.314798
85602,32.167495,-110.411875
85603,31.432669,-109.919056
85605,32.302812,-109.481523
85606,32.042554,-109.898983
85607,31.520779,-109.379220
85608,31.456911,-109.580936
85609,32.069297,-110.096907
85610,31.727823,-109.733523
85611,31.665168,-110.510286
85613,31.567873,-110.376844
85614,31.814301,-110.919400
85615,31.402633,-110.211724
85616,31.701994,-110.322654
85617,31.519624,-109.708593
85618,32.719708,-110.538094
85619,32.407525,-110.733150
85620,31.337282,-109.941325
85621,31.387978,-110.912001
85622,31.826851,-111.075511
85623,32.706246,-110.805211
85624,31.504971,-110.692999
85625,31.887070,-109.614806
85626,31.357810,-109.566679
85627,32.007786,-110.235541
85629,31.917849,-111.019049
85630,31.886572,-110.181047
85631,32.590911,-110.551269
85632,32.093587,-109.133232
85633,31.612902,-111.503060
85634,32.034496,-111.994430
85635,31.571011,-110.170235
85637,31.719466,-110.690851
85638,31.716172,-110.051604
85640,31.557231,-111.047704
85641,32.049048,-110.622850
85643,32.407245,-109.965490
85645,31.686279,-111.160631
85646,31.647318,-110.940689
85648,31.490441,-111.038096
85650,31.500707,-110.201835
85653,32.398790,-111.386333
85654,32.415256,-111.154410
85658,32.551052,-111.143446
85701,32.216958,-110.970999
85704,32.339420,-110.984997
85705,32.271329,-110.993712
85706,32.147619,-110.933338
85707,32.179204,-110.886913
85708,32.181923,-110.866407
85710,32.214135,-110.823725
85711,32.215235,-110.883394
85712,32.252886,-110.886567
85713,32.194570,-111.014995
85714,32.167395,-110.950864
85715,32.246722,-110.836178
85716,32.241540,-110.923201
85718,32.333304,-110.916607
85719,32.246719,-110.948657
85723,32.180232,-110.965154
85724,32.240828,-110.945636
85726,32.204728,-110.945598
85730,32.181544,-110.746552
85735,32.094109,-111.349265
85736,31.909842,-111.364423
85737,32.414615,-110.946561
85739,32.621072,-110.989667
85741,32.335291,-111.041759
85742,32.393721,-111.065397
85743,32.302273,-111.181848
85745,32.253908,-111.080140
85746,32.091610,-111.044294
85747,32.094967,-110.765438
85748,32.218928,-110.752110
85749,32.289584,-110.733528
85750,32.300129,-110.835996
85755,32.468251,-110.981438
85756,32.079259,-110.898921
85757,32.128517,-111.122058
85901,34.314806,-110.024014
85911,34.173052,-110.367333
85912,34.434763,-109.898703
85920,33.861920,-109.177010
85922,33.467569,-109.150827
85923,34.324960,-110.340559
85924,34.566622,-109.672357
85925,34.088110,-109.322992
85926,33.769253,-109.979275
85927,34.006428,-109.464249
85928,34.545363,-110.551182
85929,34.184683,-109.939822
85930,34.047324,-109.720674
85931,34.370005,-110.915647
85932,33.953341,-109.213499
85933,34.357093,-110.509263
85934,34.300249,-110.245734
85935,34.119928,-109.896691
85936,34.652683,-109.268741
85937,34.573702,-110.064102
85938,34.149301,-109.336532
85939,34.431429,-110.085261
85940,34.251663,-109.682257
85941,33.821391,-109.969827
85942,34.735705,-109.954702
86001,35.287661,-111.639303
86003,35.189708,-111.224015
86004,35.380939,-111.373463
86011,35.180062,-111.655035
86015,35.231565,-111.840210
86016,35.752462,-111.641148
86017,34.889056,-111.626153
86018,35.188711,-111.916131
86020,35.992798,-111.497817
86021,36.972279,-113.024318
86022,36.856316,-112.836996
86023,36.033131,-112.022616
86024,34.668857,-111.312066
86025,34.930781,-110.104808
86028,35.073743,-109.764592
86029,35.021012,-109.992631
86030,35.968491,-110.730472
86031,35.386597,-110.051698
86032,35.079610,-110.283924
86033,36.675775,-110.228223
86034,35.794204,-110.125868
86035,35.456718,-110.944184
86036,36.738246,-111.823136
86038,34.984363,-111.429984
86039,36.055803,-110.525216
86040,36.705496,-111.427538
86042,35.861758,-110.384151
86043,35.809701,-110.533441
86044,36.693191,-110.810271
86045,36.096446,-111.116416
86046,35.415916,-112.124547
86047,35.113436,-110.671248
86052,36.147232,-112.030212
86053,36.735052,-111.055195
86054,36.724637,-110.612172
86301,34.587023,-112.429033
86303,34.482405,-112.449649
86305,34.864326,-112.911764
86313,34.553602,-112.452420
86314,34.625990,-112.306211
86315,34.703438,-112.270167
86320,35.346130,-112.645484
86321,34.492831,-113.103111
86322,34.500279,-111.801158
86323,34.778347,-112.407143
86324,34.857441,-112.120427
86325,34.734563,-111.897926
86326,34.700031,-112.023634
86327,34.571319,-112.105020
86329,34.471629,-112.224998
86331,34.726842,-112.143872
86332,34.320536,-112.632932
86333,34.323041,-112.081970
86334,34.949042,-112.544560
86335,34.694723,-111.673152
86336,34.909886,-111.867252
86337,35.359789,-113.031101
86338,34.581751,-112.753836
86343,34.176983,-112.299986
86351,34.778447,-111.785069
86401,35.131719,-113.703932
86403,34.480257,-114.348504
86404,34.590050,-114.307833
86406,34.423236,-114.109863
86409,35.461006,-114.018060
86411,35.544283,-113.752570
86413,35.210542,-114.346048
86426,35.007773,-114.569324
86429,35.163628,-114.484927
86431,35.415566,-114.219820
86432,36.366634,-113.446572
86433,34.917564,-114.348809
86434,35.676651,-113.620551
86435,36.044172,-112.903890
86436,34.757087,-114.385008
86437,35.378850,-113.614085
86438,34.548925,-113.805421
86440,34.896684,-114.525311
86441,35.571438,-114.372386
86442,35.089613,-114.560868
86443,35.948754,-114.444872
86444,35.897037,-114.047212
86445,35.776342,-114.502374
86502,35.217949,-109.591862
86503,36.153428,-109.685341
86504,35.932269,-109.135461
86505,35.623754,-109.706962
86506,35.358053,-109.220401
86507,36.410449,-109.264055
86508,35.329488,-109.095582
86510,36.257984,-110.220374
86511,35.550101,-109.153663
86512,35.095074,-109.243165
86514,36.880257,-109.332878
86515,35.679250,-108.954226
86520,36.109913,-109.935612
86535,36.794027,-109.855226
86538,36.402224,-109.596407
86540,35.941437,-109.443978
86544,36.619478,-109.164204
86545,36.711413,-109.606619
86547,36.512528,-109.494082
86556,36.288406,-109.255418
87001,35.376617,-106.337081
87002,34.611886,-106.652175
87004,35.368871,-106.597292
87005,35.267708,-107.977042
87006,34.489728,-106.843685
87007,35.024094,-107.509119
87008,35.119938,-106.406994
87010,35.408290,-106.129828
87011,34.063668,-105.946918
87012,36.127248,-106.651618
87013,35.931703,-107.367228
87014,35.230813,-107.390449
87015,35.076689,-106.182537
87016,34.806200,-105.955483
87017,36.317041,-106.765493
87018,36.165554,-107.563530
87020,34.865250,-107.947956
87021,35.192842,-107.878884
87022,34.901663,-106.702725
87023,34.599196,-106.758388
87024,35.672858,-106.723238
87025,35.841342,-106.628405
87026,34.965327,-107.233587
87027,36.126267,-106.947982
87028,34.379610,-106.767080
87029,36.396633,-106.998517
87031,34.691701,-107.017993
87032,34.851278,-106.011454
87034,34.776465,-107.564562
87035,34.915650,-105.953249
87036,34.397914,-106.243612
87037,36.167594,-107.763557
87038,35.087627,-107.412347
87040,35.103875,-107.384409
87041,35.685834,-106.334346
87042,34.828008,-106.686591
87043,35.275451,-106.462126
87044,35.665488,-106.644275
87045,35.351817,-108.088619
87046,36.251145,-106.912108
87047,35.250846,-106.288772
87048,35.239583,-106.627078
87049,35.113635,-107.596844
87051,35.036407,-107.852784
87052,35.493750,-106.313750
87053,35.632313,-107.019619
87056,35.183058,-105.875931
87059,34.996756,-106.300636
87061,34.731143,-106.379632
87062,34.440031,-106.658818
87063,34.554979,-105.890558
87064,36.179253,-106.580980
87068,34.861034,-106.587187
87070,35.021835,-105.777997
87072,35.607030,-106.396834
87083,35.648474,-106.342760
87102,35.081357,-106.646575
87104,35.103183,-106.675548
87105,34.977206,-106.608153
87106,35.057863,-106.620735
87107,35.137800,-106.642543
87108,35.072479,-106.578362
87109,35.152882,-106.575536
87110,35.108194,-106.578147
87111,35.143913,-106.487460
87112,35.100609,-106.516275
87113,35.180966,-106.593627
87114,35.193640,-106.685666
87116,35.063087,-106.542538
87117,35.008492,-106.563864
87120,35.140539,-106.760969
87121,35.089170,-106.871772
87122,35.191009,-106.501625
87123,35.067584,-106.470746
87124,35.268498,-106.783682
87144,35.325200,-106.705446
87301,35.534984,-108.737949
87305,35.379272,-108.803555
87310,35.805114,-108.539632
87311,35.606670,-108.515625
87312,35.422601,-108.323010
87313,35.804463,-108.078837
87315,34.766798,-108.684918
87316,35.361580,-108.377198
87317,35.587549,-108.761044
87319,35.470996,-108.949349
87320,35.807856,-108.876102
87321,35.008846,-108.361162
87322,35.526034,-108.653130
87323,35.457714,-108.193532
87325,35.993895,-108.614262
87326,35.261798,-108.821443
87327,35.005278,-108.781728
87328,35.978740,-108.981282
87347,35.427243,-108.446455
87357,34.907890,-108.296747
87364,36.141420,-108.698339
87375,35.676177,-108.758564
87401,36.740321,-108.178691
87402,36.783848,-108.144001
87410,36.868277,-107.882308
87412,36.697866,-107.475530
87413,36.415501,-107.978520
87415,36.817310,-108.094079
87416,36.705214,-108.429080
87417,36.748725,-108.345707
87418,36.950686,-108.150215
87419,36.864723,-107.492391
87420,36.851252,-108.898429
87421,36.766163,-108.512958
87455,36.331258,-108.656457
87461,36.328642,-108.945467
87499,36.344524,-108.215832
87501,35.744137,-105.856809
87505,35.616964,-105.877135
87506,35.813114,-105.984455
87507,35.595449,-106.109399
87508,35.527445,-105.968750
87510,36.282896,-106.411988
87511,36.105695,-105.930245
87512,36.923537,-105.343500
87513,36.579582,-105.687330
87514,36.541237,-105.525200
87515,36.497233,-106.393396
87516,36.153554,-106.463052
87517,36.394847,-105.787584
87518,36.508220,-106.562067
87519,36.769912,-105.627938
87520,36.875021,-106.627345
87521,36.017328,-105.612977
87522,35.930826,-105.789765
87523,36.013638,-105.842711
87524,36.932428,-105.672292
87525,36.569317,-105.456851
87527,36.151131,-105.838262
87528,36.671546,-106.983307
87529,36.470055,-105.622837
87530,36.348839,-106.191469
87531,36.246711,-105.839533
87532,35.993867,-106.088977
87533,36.024269,-106.066584
87535,35.528723,-105.747700
87537,36.052227,-106.188827
87538,35.494523,-105.571254
87539,36.376682,-106.043173
87540,35.450199,-105.907902
87543,36.107035,-105.661206
87544,35.840713,-106.288090
87548,36.172397,-106.137834
87549,36.237098,-106.009074
87551,36.694598,-106.669448
87552,35.646149,-105.601579
87553,36.214889,-105.687472
87554,36.482898,-106.018670
87556,36.785506,-105.479969
87557,36.294337,-105.683593
87558,36.640211,-105.428066
87560,35.236716,-105.526282
87562,35.416830,-105.684475
87564,36.607972,-105.627890
87565,35.413824,-105.489881
87566,36.072232,-106.068631
87567,35.993887,-106.020215
87569,35.346377,-105.300633
87571,36.395980,-105.442212
87573,35.789375,-105.685656
87574,35.821660,-105.899105
87575,36.740095,-106.370823
87577,36.669699,-106.011107
87578,36.047441,-105.770114
87579,36.094585,-105.563366
87580,36.570074,-105.565783
87581,36.513478,-106.139631
87582,36.156349,-106.016092
87583,35.231348,-105.336283
87701,35.542113,-104.933487
87710,36.371360,-105.248496
87711,35.228874,-105.105156
87712,35.850481,-105.182856
87713,36.167125,-105.364871
87714,36.390053,-104.909528
87715,36.017058,-105.429042
87718,36.599808,-105.291885
87722,36.191910,-105.261015
87723,36.058744,-105.375578
87724,35.173363,-105.077485
87728,36.596537,-104.619084
87729,36.303483,-104.817969
87730,36.153001,-104.214447
87731,35.759712,-105.412669
87732,35.957974,-105.364302
87733,35.859580,-103.851495
87734,36.178410,-105.115285
87735,36.069461,-105.153162
87736,35.980449,-105.197076
87740,36.749268,-104.407369
87742,35.902351,-105.510938
87743,35.973565,-104.090814
87745,35.810926,-105.213646
87746,35.776068,-104.046894
87747,36.356194,-104.471772
87749,36.544991,-105.104000
87750,35.825334,-104.927204
87752,36.021594,-104.649986
87753,35.863313,-104.954298
87801,34.127211,-106.826187
87820,33.937649,-108.586820
87821,33.979953,-108.062501
87823,34.206720,-106.985923
87824,33.828581,-108.981719
87825,33.877340,-107.656211
87827,34.406825,-108.096748
87828,34.205853,-106.916719
87829,34.354142,-108.647026
87830,33.727127,-108.744042
87831,34.264803,-106.932923
87832,33.766896,-106.821217
87901,33.215964,-107.095436
87930,32.850682,-107.443572
87931,32.953468,-107.426840
87933,32.790182,-107.277937
87935,33.254803,-107.229274
87936,32.752827,-107.263614
87937,32.591271,-107.195218
87939,33.412677,-107.488567
87940,32.621516,-107.006541
87941,32.720691,-107.219612
87942,33.060988,-107.348920
87943,33.369427,-107.781385
88001,32.290051,-106.753890
88002,32.462947,-106.486158
88003,32.280653,-106.745944
88004,32.223096,-106.987431
88005,32.258348,-106.823126
88007,32.441109,-106.921281
88008,31.839376,-106.681803
88009,31.995969,-108.574554
88011,32.322443,-106.656276
88012,32.583386,-106.771377
88020,31.772410,-108.839423
88021,31.951887,-107.016272
88022,32.808002,-108.176468
88023,32.729733,-108.144578
88024,32.070555,-106.639411
88025,33.046806,-108.743448
88026,32.751993,-108.162999
88027,32.044128,-106.789582
88028,32.932820,-108.635947
88029,31.844879,-107.694722
88030,32.173456,-107.727419
88032,32.399562,-106.818772
88033,32.319619,-107.028854
88034,32.613183,-107.938061
88038,33.121970,-108.383037
88039,33.298350,-108.803283
88040,31.597231,-108.354977
88041,32.789921,-107.912182
88042,32.812478,-107.578383
88043,32.610316,-108.100096
88044,32.147978,-106.805850
88045,32.385089,-108.756093
88046,32.250023,-106.802264
88047,32.210044,-106.714691
88048,32.163447,-106.660086
88049,33.030905,-107.924734
88051,32.999584,-108.919849
88052,32.425362,-106.599422
88053,32.902502,-108.205925
88055,32.727788,-108.740985
88056,31.844206,-108.982524
88061,32.654196,-108.333572
88063,31.817988,-106.599103
88065,32.677476,-108.328877
88072,32.138064,-106.616106
88081,32.231242,-106.230568
88101,34.499384,-103.275272
88103,34.384167,-103.317985
88112,34.843131,-103.178639
88113,33.772019,-103.085190
88114,33.523572,-103.199375
88115,33.930877,-103.345497
88116,33.915700,-103.878832
88118,34.229541,-103.689486
88119,34.308727,-104.411349
88120,34.792594,-103.355142
88121,34.714629,-103.980644
88124,34.543377,-103.651819
88125,33.705861,-103.225418
88126,33.811266,-103.372019
88130,34.129177,-103.299416
88132,33.907313,-103.166773
88134,34.323093,-104.018715
88135,34.586393,-103.099611
88136,34.463365,-104.740642
88201,33.643275,-104.396622
88203,33.309413,-104.092418
88210,32.771797,-104.219669
88220,32.311474,-104.431928
88230,33.219170,-104.397563
88231,32.451909,-103.262771
88232,33.067332,-104.475568
88240,32.703782,-103.485066
88242,32.812891,-103.161782
88250,32.701984,-104.955846
88252,32.155238,-103.378041
88253,32.934663,-104.626361
88254,32.613320,-104.451824
88255,32.814203,-103.996454
88256,32.198065,-103.908039
88260,32.991328,-103.381536
88262,33.118535,-103.403252
88263,32.097875,-104.081596
88264,32.890906,-103.711801
88265,32.620437,-103.302862
88267,33.337444,-103.425219
88268,32.176279,-104.379455
88301,33.778555,-105.790679
88310,32.641272,-106.072883
88311,32.812102,-105.990607
88312,33.421648,-105.737988
88314,33.110328,-105.867199
88316,33.797656,-105.322893
88317,32.923929,-105.636789
88318,34.207102,-105.396938
88321,34.780375,-105.446147
88323,33.494700,-105.527555
88324,33.389780,-105.439082
88325,32.856605,-105.858378
88330,32.836586,-106.077393
88336,33.330548,-105.276501
88337,32.996694,-105.884699
88338,33.473983,-105.399467
88339,32.961786,-105.231031
88340,33.176135,-105.583242
88341,33.474146,-105.845301
88342,32.388607,-106.111770
88343,33.225921,-105.077180
88344,32.558726,-105.292481
88345,33.347759,-105.680834
88346,33.353800,-105.540075
88347,32.756185,-105.657681
88348,33.396170,-105.358390
88349,32.779443,-105.802250
88350,32.640607,-105.678321
88351,33.549422,-105.087715
88352,33.165891,-105.993861
88353,34.571355,-105.116141
88354,32.751453,-105.498265
88355,33.360416,-105.667375
88401,35.119482,-103.822230
88410,35.878428,-103.323142
88411,35.142305,-103.148376
88414,36.767287,-103.999599
88415,36.311760,-103.326817
88416,35.285771,-104.194698
88417,35.059210,-104.376625
88418,36.725861,-103.684739
88419,36.899379,-103.541874
88421,35.298352,-104.481343
88422,36.345307,-103.991534
88424,36.412538,-103.656438
88426,35.543561,-103.508304
88427,34.770502,-103.774375
88430,35.581906,-103.179169
88431,35.170055,-104.274806
88434,35.152021,-103.303690
88435,34.914545,-104.695340
88436,36.137283,-103.123139
89001,37.276925,-115.394121
89002,35.998367,-114.960947
89003,36.971364,-116.744158
89004,36.102863,-115.487115
89005,35.986677,-114.809401
89007,36.666657,-114.226747
89008,37.286087,-114.513105
89010,37.782535,-118.074900
89011,36.074719,-114.985309
89012,36.011907,-115.043255
89013,37.415175,-117.346901
89014,36.061718,-115.058058
89015,36.039314,-114.928032
89017,37.744047,-115.250938
89018,36.511372,-115.645121
89019,35.766433,-115.735321
89020,36.532267,-116.443610
89021,36.640213,-114.471026
89022,38.540993,-117.020737
89025,36.562868,-114.885509
89026,35.755242,-115.289723
89027,36.813945,-114.120444
89029,35.129221,-114.656524
89030,36.211516,-115.124129
89031,36.258912,-115.171788
89032,36.223179,-115.172723
89039,35.287951,-114.879825
89040,36.356634,-114.578928
89042,37.745490,-114.332372
89043,38.255898,-114.473413
89044,35.902434,-115.178912
89045,38.880562,-116.968867
89046,35.497999,-114.890260
89047,37.765950,-117.647869
89048,36.165343,-116.003323
89049,38.347312,-116.259369
89052,35.955108,-115.056693
89054,35.927208,-115.208272
89060,36.385724,-116.060445
89061,36.086419,-115.898330
89074,36.036567,-115.080932
89081,36.257890,-115.107818
89084,36.296920,-115.174177
89085,36.309655,-115.198089
89086,36.292253,-115.108590
89101,36.172547,-115.122234
89102,36.145430,-115.186825
89103,36.111835,-115.211716
89104,36.151382,-115.108648
89106,36.181706,-115.163231
89107,36.171241,-115.209288
89108,36.205256,-115.223639
89109,36.131720,-115.168382
89110,36.171429,-115.047734
89113,36.061152,-115.263515
89115,36.253640,-115.041052
89117,36.140961,-115.281091
89118,36.077380,-115.213966
89119,36.084721,-115.146129
89120,36.081318,-115.095455
89121,36.121526,-115.091277
89122,36.106432,-115.040286
89123,36.035206,-115.148789
89124,36.114842,-115.613219
89128,36.196814,-115.264363
89129,36.233315,-115.290150
89130,36.253975,-115.227105
89131,36.309668,-115.249674
89134,36.202733,-115.307750
89135,36.100973,-115.375908
89138,36.166612,-115.361275
89139,36.034661,-115.211656
89141,35.988424,-115.207059
89142,36.147922,-115.036367
89143,36.322319,-115.293151
89144,36.178886,-115.320759
89145,36.167690,-115.277862
89146,36.143249,-115.226909
89147,36.112796,-115.280141
89148,36.080170,-115.297071
89149,36.272251,-115.292534
89156,36.163427,-114.988159
89161,36.000360,-115.363878
89166,36.380652,-115.506889
89169,36.124179,-115.141282
89178,35.997668,-115.286066
89179,35.894539,-115.331936
89183,35.995843,-115.157612
89191,36.239523,-115.025695
89301,39.540050,-114.770485
89310,39.430542,-117.162771
89311,38.986044,-114.200069
89314,38.822847,-115.771955
89316,39.827988,-115.900602
89317,38.797901,-115.025158
89318,39.443772,-114.810780
89319,39.296292,-114.976004
89402,39.223909,-120.002554
89403,39.227192,-119.475598
89404,41.903178,-118.668673
89405,40.480566,-119.424671
89406,39.537710,-118.264165
89408,39.565417,-119.174165
89409,38.801841,-118.110000
89410,38.871778,-119.604207
89411,39.019002,-119.850214
89412,41.102934,-119.695361
89413,39.073447,-119.922857
89414,41.044580,-117.181049
89415,38.480395,-118.637507
89418,40.548280,-118.034358
89419,40.374813,-118.189040
89420,38.544555,-118.226681
89421,42.049387,-117.860069
89422,38.177630,-118.453724
89423,39.018863,-119.755643
89424,39.888132,-119.284126
89425,41.633114,-117.918295
89426,41.487947,-117.424872
89427,38.899942,-118.645827
89428,39.261033,-119.634642
89429,39.324851,-119.297057
89430,38.775090,-119.305079
89431,39.540398,-119.749111
89433,39.608937,-119.776657
89434,39.541317,-119.650155
89436,39.604161,-119.689298
89438,40.798541,-117.093499
89439,39.520351,-119.999800
89440,39.296482,-119.658713
89441,39.676372,-119.675827
89442,39.665116,-119.426703
89444,38.669814,-119.385630
89445,41.169339,-118.263916
89446,41.217004,-117.870321
89447,38.811278,-119.131304
89448,38.996464,-119.917493
89449,38.955158,-119.911471
89450,39.240488,-119.939145
89451,39.241580,-119.934182
89460,38.902253,-119.792493
89501,39.525749,-119.813051
89502,39.491314,-119.743845
89503,39.541040,-119.840126
89506,39.712124,-119.820815
89508,39.780599,-119.913756
89509,39.495806,-119.827882
89510,40.081901,-119.612974
89511,39.385441,-119.876909
89512,39.550957,-119.801071
89519,39.480704,-119.857872
89521,39.385322,-119.692070
89523,39.525009,-119.913718
89701,39.129024,-119.725281
89702,39.159107,-119.735812
89703,39.166998,-119.839233
89704,39.262624,-119.815832
89705,39.111672,-119.860561
89706,39.222699,-119.701535
89801,41.247991,-115.761405
89815,40.615333,-115.594252
89820,40.411623,-116.977156
89821,40.495361,-116.468358
89822,40.530669,-116.193978
89823,41.007325,-115.280794
89825,41.876193,-114.777412
89826,41.890603,-115.385386
89828,40.779879,-115.296660
89830,41.269718,-114.285932
89831,41.715996,-116.098342
89832,41.976489,-116.158356
89833,40.482842,-115.331629
89834,41.379983,-116.203471
89835,41.114501,-114.852524
89883,40.848920,-114.157677
