*ZIP,LAT,LNG
90001,33.974027,-118.249509
90002,33.949099,-118.246737
90003,33.964131,-118.272783
90004,34.076198,-118.310722
90005,34.059163,-118.306892
90006,34.048041,-118.294177
90007,34.028129,-118.284829
90008,34.009552,-118.346724
90010,34.062148,-118.315889
90011,34.007090,-118.258681
90012,34.065975,-118.238642
90013,34.045405,-118.240454
90014,34.043146,-118.251746
90015,34.039378,-118.266300
90016,34.028331,-118.354338
90017,34.052913,-118.264340
90018,34.028887,-118.317183
90019,34.049841,-118.338460
90020,34.066379,-118.309870
90021,34.029036,-118.237870
90022,34.023728,-118.156275
90023,34.022502,-118.199613
90024,34.065723,-118.434969
90025,34.045421,-118.445873
90026,34.080017,-118.262643
90027,34.127194,-118.295647
90028,34.099912,-118.326912
90029,34.089848,-118.294661
90031,34.085784,-118.206666
90032,34.078195,-118.185501
90033,34.050380,-118.211991
90034,34.030578,-118.399613
90035,34.051809,-118.383674
90036,34.070410,-118.350411
90037,34.002719,-118.287487
90038,34.088475,-118.325527
90039,34.111885,-118.261033
90040,33.994523,-118.149952
90041,34.137412,-118.207607
90042,34.114708,-118.192098
90043,33.988505,-118.336358
90044,33.952725,-118.291904
90045,33.942108,-118.417488
90046,34.107810,-118.362247
90047,33.953617,-118.308428
90048,34.072924,-118.372710
90049,34.092540,-118.491064
90056,33.988047,-118.370361
90057,34.061735,-118.276757
90058,34.002844,-118.216400
90059,33.926262,-118.249883
90061,33.921280,-118.274186
90062,34.003638,-118.308806
90063,34.045105,-118.185914
90064,34.037251,-118.423573
90065,34.112272,-118.225496
90066,34.002028,-118.430656
90067,34.057597,-118.413998
90068,34.129772,-118.330989
90069,34.093828,-118.381697
90071,34.052876,-118.254943
90073,34.054534,-118.457025
90077,34.108023,-118.456964
90079,34.040587,-118.255404
90089,34.020221,-118.286035
90090,34.072862,-118.240989
90094,33.975414,-118.416990
90095,34.071200,-118.443523
90201,33.970343,-118.171368
90210,34.100517,-118.414712
90211,34.064958,-118.382979
90212,34.062210,-118.401966
90220,33.881510,-118.234451
90221,33.885624,-118.205918
90222,33.912246,-118.236773
90230,33.997862,-118.393617
90232,34.019323,-118.391902
90240,33.955729,-118.118346
90241,33.940445,-118.129022
90242,33.921793,-118.140588
90245,33.917140,-118.404267
90247,33.890853,-118.297967
90248,33.878432,-118.284104
90249,33.901390,-118.315697
90250,33.914775,-118.348083
90254,33.864259,-118.399303
90255,33.979248,-118.217438
90260,33.888560,-118.351813
90262,33.923533,-118.200705
90263,34.039034,-118.707992
90265,34.066117,-118.846342
90266,33.889151,-118.402127
90270,33.987729,-118.186597
90272,34.087460,-118.544232
90274,33.780065,-118.372454
90275,33.753155,-118.367963
90277,33.830006,-118.387124
90278,33.873215,-118.370360
90280,33.944159,-118.192761
90290,34.107753,-118.616219
90291,33.993396,-118.465193
90292,33.976582,-118.455222
90293,33.947305,-118.439841
90301,33.956526,-118.358654
90302,33.975332,-118.355252
90303,33.939766,-118.331085
90304,33.937886,-118.358559
90305,33.958890,-118.330548
90401,34.013666,-118.493750
90402,34.034666,-118.504039
90403,34.030755,-118.492101
90404,34.026608,-118.473643
90405,34.011312,-118.469762
90501,33.833744,-118.314022
90502,33.833181,-118.292062
90503,33.840398,-118.353715
90504,33.867257,-118.330794
90505,33.807882,-118.347957
90506,33.884696,-118.329998
90601,34.007840,-118.030271
90602,33.972782,-118.022066
90603,33.945555,-117.990719
90604,33.927691,-118.013828
90605,33.950295,-118.024352
90606,33.977272,-118.066363
90620,33.845223,-118.015292
90621,33.874224,-117.993368
90623,33.850616,-118.039565
90630,33.818477,-118.038307
90631,33.942708,-117.952483
90638,33.902045,-118.008961
90640,34.015444,-118.111012
90650,33.906956,-118.082640
90660,33.989524,-118.089299
90670,33.933565,-118.062611
90680,33.801191,-117.994904
90701,33.867600,-118.080612
90703,33.867743,-118.069472
90704,33.399248,-118.435601
90706,33.887821,-118.127250
90710,33.799904,-118.298661
90712,33.849034,-118.147902
90713,33.847989,-118.112601
90715,33.841027,-118.079141
90716,33.830482,-118.073451
90717,33.793809,-118.317170
90720,33.795012,-118.062692
90723,33.898883,-118.166629
90731,33.731442,-118.278869
90732,33.742120,-118.312878
90740,33.758405,-118.075043
90742,33.716666,-118.076906
90743,33.726516,-118.090327
90744,33.779284,-118.261723
90745,33.822725,-118.264109
90746,33.859171,-118.252272
90747,33.862900,-118.251318
90755,33.803431,-118.169770
90802,33.745762,-118.208042
90803,33.756289,-118.130636
90804,33.781686,-118.148365
90805,33.864617,-118.180567
90806,33.805401,-118.187701
90807,33.827740,-118.174820
90808,33.823943,-118.111335
90810,33.819814,-118.222416
90813,33.782259,-118.196793
90814,33.771616,-118.143631
90815,33.794348,-118.116391
90822,33.778436,-118.118648
90831,33.768334,-118.201636
91001,34.194489,-118.138263
91006,34.136258,-118.026704
91007,34.128284,-118.047732
91008,34.153159,-117.968818
91010,34.141586,-117.957627
91011,34.222119,-118.205306
91016,34.152800,-118.000482
91020,34.211341,-118.230652
91024,34.168771,-118.050216
91030,34.108957,-118.156615
91040,34.261962,-118.336078
91042,34.322618,-118.237570
91046,34.211452,-118.241036
91101,34.146671,-118.139455
91103,34.169538,-118.164941
91104,34.165356,-118.123751
91105,34.139460,-118.166649
91106,34.139402,-118.128658
91107,34.155533,-118.086178
91108,34.122671,-118.112911
91201,34.170510,-118.289463
91202,34.168366,-118.267771
91203,34.153338,-118.262974
91204,34.136194,-118.260934
91205,34.136580,-118.245839
91206,34.160359,-118.213769
91207,34.181293,-118.260277
91208,34.185666,-118.239494
91210,34.144557,-118.256507
91214,34.236302,-118.249185
91301,34.123286,-118.758541
91302,34.123305,-118.671025
91303,34.198292,-118.600913
91304,34.224196,-118.632394
91306,34.209532,-118.577563
91307,34.200834,-118.664900
91311,34.293338,-118.603118
91316,34.160236,-118.515472
91320,34.175969,-118.945127
91321,34.368110,-118.489038
91324,34.238208,-118.550290
91325,34.237519,-118.517712
91326,34.281486,-118.556005
91330,34.247532,-118.526076
91331,34.255442,-118.421314
91335,34.200175,-118.540958
91340,34.286687,-118.435080
91342,34.326584,-118.382261
91343,34.237912,-118.482306
91344,34.294615,-118.507001
91345,34.265879,-118.456748
91350,34.440891,-118.501747
91351,34.441596,-118.448109
91352,34.230854,-118.365856
91354,34.465755,-118.553789
91355,34.439855,-118.644401
91356,34.155097,-118.547553
91360,34.212805,-118.882179
91361,34.136077,-118.888919
91362,34.193326,-118.818684
91364,34.154040,-118.593153
91367,34.177311,-118.615704
91371,34.184616,-118.576125
91377,34.184975,-118.766918
91381,34.384697,-118.647244
91384,34.506627,-118.699048
91387,34.402509,-118.363427
91390,34.545587,-118.420095
91401,34.178483,-118.431791
91402,34.222506,-118.444689
91403,34.147149,-118.463365
91405,34.199824,-118.447609
91406,34.195685,-118.490752
91411,34.178522,-118.459234
91423,34.148617,-118.433298
91436,34.149588,-118.489708
91501,34.204400,-118.287527
91502,34.176817,-118.309323
91504,34.204568,-118.326365
91505,34.173885,-118.346937
91506,34.169706,-118.323548
91601,34.169200,-118.372498
91602,34.150818,-118.368159
91604,34.140822,-118.392864
91605,34.207341,-118.400973
91606,34.185767,-118.388323
91607,34.165783,-118.399795
91608,34.138761,-118.350933
91701,34.137564,-117.599945
91702,34.280333,-117.866141
91706,34.097410,-117.968269
91708,33.952902,-117.639325
91709,33.963723,-117.738596
91710,34.004468,-117.684697
91711,34.128066,-117.714773
91722,34.097345,-117.906736
91723,34.084747,-117.886844
91724,34.080444,-117.854734
91730,34.100970,-117.578820
91731,34.078573,-118.043456
91732,34.073420,-118.015345
91733,34.046243,-118.053748
91737,34.152583,-117.577707
91739,34.172754,-117.521243
91740,34.119367,-117.855054
91741,34.156529,-117.841605
91744,34.031415,-117.936470
91745,33.999005,-117.972146
91746,34.044416,-117.985366
91748,33.974883,-117.900676
91750,34.180010,-117.773939
91752,33.996484,-117.531269
91754,34.052922,-118.143465
91755,34.050965,-118.114394
91759,34.263636,-117.699470
91761,34.035602,-117.591528
91762,34.059410,-117.674011
91763,34.072329,-117.698315
91764,34.074087,-117.605618
91765,33.986270,-117.821282
91766,34.042286,-117.756106
91767,34.083086,-117.737997
91768,34.063516,-117.790379
91770,34.065493,-118.084529
91773,34.110186,-117.810390
91775,34.115273,-118.088266
91776,34.090776,-118.095091
91780,34.102077,-118.057754
91784,34.141146,-117.655583
91786,34.105282,-117.662035
91789,34.018195,-117.854821
91790,34.066964,-117.937007
91791,34.061624,-117.892235
91792,34.022581,-117.902359
91801,34.090728,-118.127527
91803,34.074736,-118.145959
91901,32.808563,-116.710076
91902,32.665762,-117.018657
91905,32.678070,-116.306851
91906,32.654821,-116.465541
91910,32.637868,-117.058031
91911,32.608185,-117.054512
91913,32.619459,-116.985820
91914,32.674004,-116.943932
91915,32.623185,-116.949053
91916,32.887989,-116.621354
91917,32.608865,-116.719660
91931,32.846363,-116.557729
91932,32.573755,-117.120872
91934,32.648992,-116.152565
91935,32.721919,-116.788204
91941,32.759333,-116.997247
91942,32.777999,-117.021511
91945,32.733168,-117.034176
91948,32.866646,-116.448325
91950,32.670646,-117.094668
91962,32.735124,-116.415161
91963,32.626231,-116.610020
91977,32.726237,-116.994318
91978,32.724154,-116.940093
91980,32.588866,-116.619172
92003,33.285274,-117.197777
92004,33.142077,-116.106046
92007,33.023250,-117.274923
92008,33.147294,-117.322181
92009,33.095470,-117.243882
92010,33.158500,-117.277163
92011,33.107582,-117.292182
92014,32.963199,-117.250309
92019,32.776012,-116.880634
92020,32.795508,-116.969747
92021,32.838798,-116.869956
92024,33.056022,-117.259900
92025,33.102005,-117.080419
92026,33.212444,-117.116098
92027,33.131156,-116.976997
92028,33.390477,-117.209427
92029,33.082400,-117.127641
92036,33.022474,-116.493688
92037,32.856347,-117.250058
92040,32.908915,-116.891975
92054,33.195534,-117.354538
92055,33.387723,-117.444758
92056,33.201242,-117.296984
92057,33.254619,-117.283341
92058,33.343438,-117.317250
92059,33.376467,-117.066121
92060,33.346808,-116.853215
92061,33.298504,-116.924783
92064,32.983606,-117.019035
92065,33.053006,-116.850651
92066,33.219365,-116.535247
92067,33.020908,-117.190346
92069,33.170775,-117.158676
92070,33.147090,-116.717453
92071,32.852358,-116.987842
92075,32.997248,-117.260580
92078,33.117154,-117.180627
92081,33.164374,-117.240270
92082,33.253548,-117.003366
92083,33.197840,-117.248203
92084,33.219935,-117.202606
92086,33.323221,-116.665930
92091,33.015927,-117.243517
92101,32.724103,-117.170912
92102,32.716220,-117.117057
92103,32.747415,-117.166883
92104,32.741501,-117.127948
92105,32.737827,-117.092673
92106,32.710818,-117.237613
92107,32.739055,-117.245404
92108,32.774046,-117.142454
92109,32.786772,-117.234207
92110,32.765244,-117.200391
92111,32.806476,-117.168879
92113,32.696716,-117.117881
92114,32.707756,-117.055095
92115,32.764998,-117.073641
92116,32.764971,-117.123145
92117,32.824572,-117.199518
92118,32.699234,-117.209642
92119,32.817888,-117.031956
92120,32.794714,-117.071764
92121,32.899592,-117.201203
92122,32.861727,-117.171224
92123,32.806794,-117.134930
92124,32.823766,-117.092378
92126,32.908449,-117.141380
92127,33.011833,-117.132686
92128,32.999818,-117.071808
92129,32.966920,-117.126158
92130,32.945791,-117.214366
92131,32.886070,-117.085982
92132,32.713608,-117.172089
92134,32.724223,-117.146587
92135,32.697543,-117.192775
92139,32.679888,-117.048890
92140,32.739496,-117.197401
92145,32.930554,-117.008063
92147,32.724880,-117.219962
92154,32.557022,-117.006214
92155,32.674984,-117.161726
92173,32.553021,-117.042454
92201,33.710984,-116.204844
92203,33.753959,-116.246487
92210,33.692217,-116.341248
92211,33.765401,-116.334205
92220,33.948948,-116.832362
92222,32.785826,-114.545506
92223,33.948255,-116.987839
92225,33.736458,-114.687973
92227,32.990121,-115.358757
92230,33.910412,-116.765723
92231,32.687552,-115.541028
92233,33.172881,-115.553769
92234,33.818256,-116.466743
92236,33.686145,-116.172918
92239,33.762149,-115.466100
92240,33.951540,-116.520104
92241,33.842584,-116.292900
92242,34.163216,-114.319121
92243,32.770197,-115.598590
92249,32.725583,-115.472680
92250,32.777241,-115.127641
92251,32.881449,-115.675459
92252,34.168333,-116.288431
92253,33.641767,-116.273943
92254,33.543835,-115.993906
92256,34.077059,-116.606626
92257,33.294274,-115.296227
92258,33.915839,-116.559873
92259,32.737705,-115.932200
92260,33.708012,-116.403627
92262,33.860925,-116.566176
92264,33.708592,-116.497622
92266,33.345027,-114.915942
92267,34.273755,-114.196525
92268,34.222079,-116.564222
92270,33.768584,-116.429988
92273,32.817225,-115.700076
92274,33.460512,-116.084589
92275,33.292095,-115.844166
92276,33.822330,-116.364238
92277,34.141358,-115.621168
92278,34.229973,-116.055053
92280,34.112956,-114.633391
92281,33.051757,-115.608752
92282,33.983697,-116.691398
92283,32.891546,-114.772943
92284,34.185894,-116.432416
92285,34.340222,-116.540435
92301,34.585234,-117.453724
92304,34.541483,-115.644609
92305,34.141671,-116.817981
92307,34.571218,-117.133073
92308,34.424366,-117.161295
92309,35.332155,-116.038586
92310,35.261460,-116.690324
92311,34.980294,-116.964449
92313,34.031011,-117.312929
92314,34.261092,-116.809496
92315,34.232796,-116.902863
92316,34.059306,-117.390768
92320,33.990372,-117.052255
92321,34.253816,-117.150891
92322,34.254361,-117.326453
92324,34.024520,-117.289255
92325,34.243482,-117.281304
92327,34.863585,-116.862059
92328,36.597809,-116.827404
92332,34.912426,-115.342092
92333,34.270601,-116.949309
92335,34.085972,-117.464597
92336,34.147718,-117.464506
92337,34.049809,-117.470613
92338,34.782699,-116.190564
92339,34.093661,-116.936222
92341,34.236643,-117.062838
92342,34.757047,-117.350142
92344,34.391145,-117.405722
92345,34.376159,-117.294397
92346,34.126779,-117.183104
92347,34.957406,-117.219606
92352,34.259971,-117.199381
92354,34.051177,-117.248563
92356,34.510646,-116.896718
92358,34.259272,-117.520971
92359,34.083016,-117.073317
92363,34.894366,-114.640335
92364,35.340420,-115.426224
92365,34.899991,-116.654532
92368,34.650629,-117.321326
92371,34.442625,-117.541815
92372,34.447894,-117.623946
92373,34.011953,-117.159699
92374,34.067146,-117.171885
92376,34.111605,-117.377406
92377,34.157763,-117.405966
92378,34.226083,-117.225931
92382,34.205287,-117.117403
92384,36.007706,-116.178478
92385,34.214740,-117.192326
92386,34.237229,-116.827695
92389,35.900961,-116.186357
92391,34.237898,-117.234788
92392,34.480247,-117.408184
92394,34.556111,-117.353632
92395,34.501472,-117.292048
92397,34.374009,-117.628429
92398,34.915880,-116.865561
92399,34.032301,-117.010574
92401,34.104794,-117.292150
92404,34.177083,-117.254763
92405,34.144618,-117.301301
92407,34.212433,-117.381239
92408,34.083458,-117.270016
92410,34.107379,-117.297547
92411,34.122501,-117.320138
92501,33.995040,-117.373184
92503,33.882579,-117.442303
92504,33.903134,-117.398044
92505,33.936193,-117.493881
92506,33.934335,-117.367319
92507,33.970847,-117.325120
92508,33.891133,-117.326749
92509,34.003266,-117.442004
92518,33.889103,-117.278368
92530,33.649528,-117.376774
92532,33.692673,-117.302957
92536,33.492391,-116.837955
92539,33.527867,-116.647620
92543,33.667301,-116.963506
92544,33.648169,-116.895308
92545,33.729853,-117.034060
92548,33.758663,-117.109484
92549,33.768539,-116.753396
92551,33.882740,-117.224878
92553,33.923381,-117.244837
92555,33.889702,-117.113427
92557,33.972160,-117.258409
92561,33.637201,-116.627212
92562,33.547613,-117.344040
92563,33.580016,-117.147360
92567,33.810743,-117.105415
92570,33.787292,-117.320673
92571,33.828396,-117.207660
92582,33.807607,-117.015163
92583,33.795196,-116.932856
92584,33.652675,-117.173568
92585,33.746707,-117.172142
92586,33.708982,-117.198853
92587,33.694019,-117.250341
92590,33.482811,-117.226126
92591,33.535277,-117.104791
92592,33.511228,-117.042396
92595,33.617844,-117.259304
92596,33.665848,-117.049660
92602,33.754048,-117.752273
92603,33.624456,-117.781423
92604,33.690715,-117.789224
92606,33.705442,-117.823600
92610,33.696122,-117.675940
92612,33.658440,-117.826009
92614,33.680302,-117.833295
92617,33.642512,-117.841688
92618,33.666942,-117.732094
92620,33.714796,-117.749139
92624,33.451469,-117.659056
92625,33.601966,-117.864254
92626,33.679591,-117.908531
92627,33.647763,-117.919761
92629,33.475120,-117.705675
92630,33.645736,-117.685503
92637,33.612925,-117.731443
92646,33.662050,-117.968459
92647,33.723228,-118.008692
92648,33.679010,-118.014603
92649,33.725240,-118.051579
92651,33.570930,-117.773042
92653,33.591304,-117.697512
92655,33.745130,-117.984873
92656,33.576212,-117.730368
92657,33.595088,-117.829038
92660,33.634626,-117.874882
92661,33.601984,-117.913001
92662,33.605086,-117.892319
92663,33.623208,-117.933903
92672,33.424110,-117.606775
92673,33.467371,-117.613509
92675,33.501860,-117.608646
92676,33.752476,-117.612554
92677,33.528868,-117.701175
92678,33.680226,-117.526144
92679,33.606695,-117.604360
92683,33.752468,-117.993933
92688,33.619672,-117.612087
92691,33.611945,-117.665867
92692,33.606497,-117.643112
92694,33.547238,-117.623761
92701,33.748220,-117.858473
92703,33.747155,-117.907326
92704,33.721131,-117.905110
92705,33.765639,-117.790075
92706,33.765301,-117.881976
92707,33.709935,-117.870431
92708,33.710582,-117.951129
92780,33.734005,-117.819163
92782,33.739709,-117.784703
92801,33.844983,-117.952151
92802,33.808267,-117.923658
92804,33.818246,-117.974985
92805,33.830457,-117.905941
92806,33.837960,-117.870494
92807,33.848733,-117.788357
92808,33.856459,-117.740176
92821,33.927561,-117.887086
92823,33.928179,-117.809285
92831,33.879768,-117.896340
92832,33.868649,-117.929055
92833,33.879329,-117.961752
92835,33.901886,-117.916639
92840,33.787165,-117.931889
92841,33.786846,-117.982020
92843,33.763905,-117.931382
92844,33.765471,-117.969504
92845,33.783064,-118.026268
92860,33.925519,-117.551958
92861,33.817630,-117.810046
92865,33.826393,-117.851307
92866,33.784615,-117.844774
92867,33.800980,-117.843772
92868,33.788145,-117.876550
92869,33.808450,-117.791737
92870,33.881158,-117.854783
92879,33.882614,-117.528204
92880,33.925311,-117.607297
92881,33.827409,-117.524128
92882,33.840451,-117.601961
92883,33.748086,-117.468037
92886,33.896339,-117.796416
92887,33.885514,-117.730164
93001,34.037340,-119.800786
93003,34.283668,-119.223196
93004,34.278679,-119.165615
93010,34.227892,-119.079552
93012,34.196026,-118.992531
93013,34.441370,-119.514092
93015,34.404104,-118.897776
93021,34.295652,-118.897875
93022,34.407780,-119.306554
93023,34.530199,-119.310133
93030,34.205247,-119.174092
93033,34.150212,-119.127729
93035,34.181971,-119.224985
93036,34.238786,-119.186492
93040,34.473884,-118.797181
93041,34.106896,-119.099535
93042,33.255655,-119.503588
93043,34.170854,-119.202409
93060,34.402343,-119.094824
93063,34.308729,-118.687223
93064,34.247556,-118.700940
93065,34.258405,-118.775026
93066,34.297699,-119.014558
93067,34.421964,-119.593483
93101,34.418979,-119.709166
93103,34.438773,-119.678841
93105,34.533222,-119.791731
93108,34.448024,-119.616984
93109,34.406428,-119.726888
93110,34.446201,-119.762794
93111,34.449185,-119.804782
93117,34.479453,-120.084094
93201,35.856859,-119.507526
93202,36.313344,-119.708452
93203,35.112617,-118.832292
93204,35.889811,-120.068590
93205,35.518295,-118.430032
93206,35.437302,-119.477735
93207,35.889831,-118.630592
93208,36.056587,-118.568462
93210,36.197785,-120.422249
93212,36.042151,-119.527700
93215,35.779507,-119.200825
93218,35.860883,-119.036140
93219,35.873666,-119.281551
93220,35.403611,-118.756525
93221,36.295014,-119.026031
93222,34.842425,-119.203723
93223,36.304539,-119.204896
93224,35.228199,-119.569304
93225,34.768503,-119.030293
93226,35.735652,-118.738373
93230,36.292230,-119.622676
93234,36.191268,-120.090097
93235,36.389827,-119.219896
93238,35.729116,-118.391888
93239,36.047190,-119.990217
93240,35.617546,-118.452285
93241,35.254701,-118.912678
93242,36.442077,-119.727734
93243,34.772700,-118.791975
93244,36.488656,-118.998043
93245,36.292270,-119.829463
93247,36.206269,-119.071075
93249,35.621706,-119.887939
93250,35.665082,-119.197958
93251,35.335636,-119.758248
93252,34.710034,-119.243808
93254,34.966867,-119.810433
93255,35.677330,-118.101417
93256,35.960636,-119.312992
93257,35.988087,-118.860221
93258,36.054380,-119.150397
93260,35.817247,-118.669124
93261,35.808535,-119.128083
93262,36.615624,-118.697574
93263,35.492805,-119.286861
93265,36.245404,-118.693313
93266,36.145394,-119.867288
93267,36.151180,-119.049222
93268,35.162393,-119.425116
93270,35.952426,-119.072843
93271,36.469275,-118.800919
93272,36.047414,-119.344304
93274,36.178091,-119.370752
93276,35.299176,-119.358368
93277,36.301334,-119.372586
93280,35.652242,-119.446400
93283,35.592099,-118.297698
93285,35.715258,-118.507027
93286,36.462710,-119.093242
93287,35.757886,-118.988161
93291,36.391777,-119.372842
93292,36.375590,-119.211689
93301,35.384336,-119.020562
93304,35.339702,-119.023451
93305,35.389749,-118.985186
93306,35.468183,-118.779649
93307,35.245120,-118.941100
93308,35.621087,-118.789677
93309,35.342891,-119.064803
93311,35.192404,-119.175866
93312,35.393478,-119.120460
93313,35.163190,-119.046322
93314,35.393866,-119.244846
93401,35.235750,-120.615973
93402,35.295232,-120.835468
93405,35.296958,-120.733134
93410,35.301200,-120.660937
93420,35.176043,-120.476694
93422,35.463544,-120.692911
93424,35.185911,-120.731793
93426,35.848621,-120.938911
93427,34.610436,-120.219523
93428,35.585018,-121.041461
93429,34.867662,-120.539904
93430,35.484966,-120.944417
93432,35.486805,-120.485271
93433,35.120888,-120.619664
93434,34.919894,-120.604969
93436,34.595669,-120.352667
93437,34.737964,-120.543739
93440,34.712216,-120.230146
93441,34.770605,-119.985205
93442,35.401934,-120.799362
93444,35.037198,-120.504593
93445,35.044396,-120.620199
93446,35.662509,-120.749865
93449,35.165671,-120.655844
93450,36.085423,-120.818522
93451,35.886767,-120.608661
93452,35.746484,-121.223355
93453,35.303925,-120.256566
93454,34.923013,-120.259463
93455,34.831792,-120.433509
93458,34.959340,-120.490081
93460,34.653533,-120.007153
93461,35.652911,-120.266428
93463,34.624395,-120.137875
93465,35.538809,-120.739893
93501,35.067111,-118.184941
93505,35.163740,-117.886527
93510,34.450906,-118.227614
93512,37.891866,-118.554569
93513,37.131989,-118.155880
93514,37.492115,-118.390408
93516,35.002282,-117.629941
93517,38.281108,-119.384449
93518,35.385111,-118.491168
93519,35.294349,-117.925785
93522,36.316298,-117.592333
93523,34.957206,-117.827391
93524,34.931987,-117.907127
93526,36.823834,-118.281246
93527,36.119622,-118.177124
93528,35.371604,-117.643321
93529,37.815507,-119.095647
93530,36.475830,-117.860116
93531,35.221906,-118.582566
93532,34.689848,-118.533689
93534,34.713292,-118.152920
93535,34.713656,-117.864660
93536,34.747390,-118.369249
93541,37.988074,-119.114386
93543,34.481108,-117.982006
93544,34.495537,-117.756645
93545,36.556387,-118.054221
93546,37.548799,-118.839818
93549,36.212203,-117.948532
93550,34.408548,-118.123592
93551,34.604105,-118.239213
93552,34.570867,-118.023744
93553,34.407332,-117.911841
93554,35.413944,-117.764333
93555,35.606509,-117.683472
93558,35.347928,-117.621393
93560,34.866894,-118.339832
93561,35.118772,-118.493811
93562,35.746463,-117.386604
93563,34.402521,-117.766066
93591,34.594480,-117.813666
93592,35.852815,-117.224709
93601,37.393471,-119.741037
93602,37.028835,-119.316654
93603,36.622507,-118.957187
93604,37.344149,-119.422139
93605,37.203158,-119.249243
93606,36.803197,-120.018564
93608,36.492478,-120.355526
93609,36.526597,-119.864103
93610,37.098303,-120.281212
93611,36.825296,-119.680190
93612,36.814864,-119.710596
93614,37.209821,-119.749802
93615,36.503322,-119.286328
93616,36.655353,-119.593861
93618,36.521012,-119.389446
93619,36.917573,-119.593481
93620,37.020043,-120.625404
93621,36.789273,-119.140345
93622,36.814503,-120.575240
93623,37.494877,-119.644280
93624,36.378434,-120.116591
93625,36.624539,-119.671874
93626,37.043286,-119.691306
93627,36.474404,-120.061497
93628,36.772382,-118.935666
93630,36.727250,-120.123426
93631,36.478239,-119.521370
93633,36.822163,-118.649328
93634,37.223580,-119.000834
93635,37.068068,-120.843579
93636,36.984885,-119.873914
93637,36.918079,-120.185933
93638,37.043434,-120.033693
93640,36.672683,-120.446521
93641,36.697180,-119.022995
93643,37.224696,-119.470738
93644,37.377787,-119.632385
93645,37.182359,-119.641450
93646,36.644737,-119.289181
93647,36.600760,-119.175485
93648,36.620634,-119.520731
93650,36.840813,-119.799812
93651,36.999336,-119.518794
93652,36.595012,-119.904577
93653,37.248335,-119.944935
93654,36.658709,-119.401274
93656,36.450225,-119.934478
93657,36.817791,-119.457602
93660,36.585446,-120.173897
93662,36.536573,-119.638651
93664,37.129364,-119.219563
93665,36.960108,-120.648060
93666,36.547067,-119.335641
93667,36.955940,-119.335294
93668,36.650275,-120.284085
93669,37.290563,-119.548406
93673,36.452697,-119.482343
93675,36.724723,-119.192779
93701,36.749661,-119.787685
93702,36.739194,-119.753933
93703,36.768860,-119.762393
93704,36.799054,-119.801608
93705,36.786671,-119.828335
93706,36.652065,-119.906591
93710,36.822349,-119.760243
93711,36.834289,-119.833350
93720,36.862209,-119.760793
93721,36.732891,-119.783739
93722,36.799361,-119.874794
93723,36.793477,-119.956818
93725,36.627211,-119.731888
93726,36.793661,-119.761461
93727,36.751519,-119.680602
93728,36.757294,-119.818488
93730,36.905389,-119.748632
93901,36.636344,-121.623978
93905,36.682351,-121.605904
93906,36.722714,-121.633649
93907,36.769389,-121.667532
93908,36.651745,-121.599444
93920,36.092975,-121.549826
93921,36.553175,-121.923960
93923,36.448672,-121.849502
93924,36.415603,-121.637651
93925,36.588003,-121.398912
93926,36.525870,-121.396735
93927,36.248797,-121.386631
93928,36.038868,-121.244009
93930,36.205060,-121.010363
93932,35.989792,-121.055933
93933,36.686845,-121.786887
93940,36.574690,-121.840854
93943,36.597004,-121.874136
93950,36.621181,-121.925179
93953,36.585219,-121.945282
93954,36.133362,-120.928512
93955,36.614410,-121.786901
93960,36.389618,-121.343146
93962,36.624716,-121.646487
94002,37.514352,-122.298896
94005,37.688826,-122.408935
94010,37.570280,-122.365778
94014,37.690884,-122.447441
94015,37.681264,-122.480589
94019,37.469453,-122.411841
94020,37.274612,-122.232420
94021,37.270838,-122.280738
94022,37.357489,-122.144437
94024,37.352234,-122.094399
94025,37.457524,-122.176542
94027,37.453514,-122.204756
94028,37.376828,-122.209796
94030,37.598970,-122.401991
94037,37.554298,-122.496632
94038,37.526902,-122.512164
94040,37.380566,-122.085293
94041,37.388520,-122.075726
94043,37.414028,-122.070679
94044,37.606627,-122.477211
94060,37.247137,-122.273493
94061,37.461147,-122.236948
94062,37.413691,-122.295343
94063,37.493297,-122.195535
94065,37.534106,-122.247372
94066,37.625086,-122.433593
94070,37.496466,-122.272565
94074,37.331714,-122.341466
94080,37.655490,-122.422075
94085,37.388556,-122.017732
94086,37.371647,-122.023134
94087,37.351529,-122.036959
94089,37.412402,-122.015605
94102,37.779588,-122.419318
94103,37.773134,-122.411167
94104,37.791409,-122.402130
94105,37.789864,-122.393665
94107,37.760460,-122.399724
94108,37.792007,-122.408575
94109,37.795388,-122.422453
94110,37.750021,-122.415201
94111,37.799367,-122.398407
94112,37.720375,-122.442950
94114,37.758057,-122.435410
94115,37.785969,-122.437253
94116,37.745399,-122.486065
94117,37.769436,-122.447662
94118,37.780097,-122.462605
94121,37.776769,-122.494707
94122,37.758797,-122.485128
94123,37.800934,-122.438366
94124,37.728895,-122.382779
94127,37.736220,-122.459338
94128,37.626411,-122.385757
94129,37.797336,-122.464462
94130,37.820661,-122.369655
94131,37.745916,-122.441472
94132,37.722220,-122.484077
94133,37.804531,-122.410852
94134,37.721052,-122.413573
94158,37.768106,-122.386927
94301,37.444123,-122.149911
94303,37.457880,-122.115158
94304,37.374707,-122.181698
94305,37.418256,-122.170871
94306,37.415727,-122.130762
94401,37.576948,-122.316903
94402,37.523602,-122.344920
94403,37.538449,-122.305447
94404,37.555999,-122.267679
94501,37.773793,-122.278115
94502,37.737572,-122.245507
94503,38.186532,-122.264069
94505,37.871680,-121.597066
94506,37.809677,-121.913141
94507,37.850411,-122.021124
94508,38.576618,-122.444388
94509,37.996501,-121.812301
94510,38.098071,-122.135940
94511,38.028939,-121.640521
94512,38.134852,-121.834156
94513,37.922228,-121.668359
94514,37.826372,-121.622546
94515,38.634822,-122.615051
94516,37.833901,-122.165034
94517,37.890217,-121.878354
94518,37.950362,-122.022039
94519,37.988451,-122.013001
94520,37.995285,-122.040627
94521,37.956012,-121.956194
94523,37.954131,-122.076140
94525,38.052951,-122.232094
94526,37.814613,-121.990552
94528,37.845601,-121.950612
94530,37.921561,-122.298337
94531,37.965765,-121.775818
94533,38.280745,-122.006380
94534,38.244839,-122.135861
94535,38.282221,-121.924715
94536,37.570508,-121.981250
94538,37.501368,-121.956753
94539,37.516907,-121.911763
94541,37.673945,-122.084821
94542,37.659883,-122.037142
94544,37.633820,-122.057200
94545,37.605905,-122.126873
94546,37.714509,-122.079542
94547,38.010166,-122.261728
94548,37.974295,-121.651441
94549,37.897009,-122.114292
94550,37.519986,-121.575596
94551,37.750502,-121.749055
94552,37.722720,-122.021552
94553,37.993892,-122.136441
94555,37.548205,-122.098677
94556,37.840645,-122.114877
94558,38.442011,-122.238320
94559,38.245724,-122.313405
94560,37.504514,-122.032916
94561,37.993936,-121.691139
94563,37.879920,-122.184572
94564,37.994038,-122.282589
94565,38.014576,-121.906255
94566,37.648104,-121.849965
94567,38.706906,-122.393997
94568,37.715245,-121.914700
94569,38.044258,-122.198765
94571,38.148862,-121.737696
94572,38.032793,-122.252211
94573,38.458864,-122.428831
94574,38.542448,-122.419923
94575,37.840961,-122.109502
94576,38.549422,-122.476382
94577,37.713275,-122.167350
94578,37.706137,-122.125550
94579,37.686491,-122.157201
94580,37.675731,-122.133017
94582,37.762174,-121.915788
94583,37.755120,-121.972699
94585,38.192498,-121.927529
94586,37.574590,-121.853708
94587,37.603155,-122.018638
94588,37.792682,-121.860590
94589,38.187350,-122.224074
94590,38.103234,-122.249096
94591,38.122869,-122.196863
94592,38.089730,-122.277394
94595,37.871950,-122.069383
94596,37.889098,-122.037553
94597,37.918191,-122.071665
94598,37.899936,-121.999244
94599,38.409878,-122.361511
94601,37.775545,-122.218705
94602,37.804320,-122.207545
94603,37.736529,-122.179445
94605,37.761408,-122.150198
94606,37.791887,-122.245334
94607,37.807215,-122.301497
94608,37.836844,-122.289143
94609,37.834403,-122.264368
94610,37.811406,-122.242458
94611,37.829350,-122.203507
94612,37.808800,-122.269196
94613,37.780853,-122.182845
94618,37.844672,-122.238105
94619,37.790438,-122.140819
94621,37.748272,-122.216825
94702,37.865777,-122.286321
94703,37.863911,-122.275643
94704,37.866536,-122.257996
94705,37.865183,-122.238209
94706,37.889704,-122.295531
94707,37.898189,-122.279130
94708,37.902944,-122.261795
94709,37.879234,-122.266839
94710,37.863914,-122.306465
94720,37.873832,-122.254944
94801,37.952844,-122.381974
94803,37.959549,-122.283578
94804,37.916555,-122.341233
94805,37.942798,-122.322923
94806,37.980790,-122.337627
94850,37.902226,-122.317378
94901,37.978138,-122.497611
94903,38.022366,-122.555605
94904,37.945512,-122.560120
94920,37.885629,-122.468580
94922,38.344946,-122.948799
94923,38.339402,-123.034599
94924,37.943087,-122.723790
94925,37.931846,-122.507738
94928,38.346420,-122.694127
94929,38.252420,-122.962717
94930,37.943963,-122.616418
94931,38.324133,-122.714633
94933,38.012599,-122.687478
94937,38.116490,-122.930351
94938,38.029069,-122.726523
94939,37.937082,-122.532369
94940,38.178570,-122.883190
94941,37.897665,-122.563172
94945,38.134068,-122.527190
94946,38.082829,-122.671527
94947,38.112166,-122.634384
94949,38.060475,-122.508496
94950,38.024885,-122.759933
94951,38.320861,-122.646138
94952,38.234553,-122.760385
94954,38.235014,-122.557332
94956,38.045857,-122.861209
94957,37.963111,-122.563588
94960,37.995864,-122.577814
94963,38.013719,-122.670120
94964,37.943257,-122.492151
94965,37.852904,-122.547207
94970,37.914513,-122.646890
94971,38.231547,-122.928226
94972,38.287346,-122.968556
94973,38.012697,-122.639598
95002,37.438672,-122.011582
95003,37.006700,-121.878207
95004,36.874755,-121.630732
95005,37.098768,-122.091734
95006,37.171267,-122.149524
95007,37.104964,-122.106903
95008,37.279173,-121.955340
95010,36.976175,-121.953160
95012,36.784482,-121.759054
95013,37.215362,-121.741521
95014,37.306491,-122.080640
95017,37.114335,-122.237162
95018,37.074092,-122.059372
95019,36.935538,-121.783134
95020,37.018419,-121.554249
95023,36.902045,-121.350783
95030,37.222759,-121.983272
95032,37.216953,-121.926555
95033,37.160846,-121.983966
95035,37.444349,-121.868859
95037,37.174063,-121.598747
95039,36.828150,-121.776583
95041,37.050419,-122.057816
95043,36.525703,-120.952122
95045,36.825745,-121.518587
95046,37.099308,-121.599240
95050,37.351157,-121.952295
95051,37.348640,-121.984373
95053,37.348723,-121.937557
95054,37.393491,-121.964670
95060,37.036461,-122.121750
95062,36.970525,-121.987488
95064,36.991107,-122.059022
95065,37.031475,-121.983340
95066,37.067917,-122.013995
95070,37.260499,-122.046165
95073,37.042254,-121.930051
95075,36.779046,-121.142439
95076,36.946256,-121.756479
95110,37.346512,-121.909803
95111,37.283111,-121.826245
95112,37.344482,-121.883535
95113,37.333694,-121.891002
95116,37.350421,-121.852585
95117,37.311181,-121.961870
95118,37.255520,-121.889995
95119,37.230327,-121.785227
95120,37.186141,-121.843555
95121,37.304151,-121.809869
95122,37.328684,-121.835269
95123,37.244238,-121.831604
95124,37.256765,-121.922762
95125,37.295056,-121.891440
95126,37.326791,-121.916745
95127,37.371091,-121.800752
95128,37.315977,-121.936319
95129,37.305742,-122.000927
95130,37.277121,-121.986133
95131,37.387111,-121.897417
95132,37.424565,-121.748597
95133,37.371606,-121.860844
95134,37.426377,-121.950977
95135,37.284529,-121.658321
95136,37.269128,-121.850992
95138,37.246623,-121.733833
95139,37.224914,-121.764075
95140,37.393503,-121.620009
95148,37.335987,-121.777603
95202,37.959736,-121.288287
95203,37.952452,-121.329655
95204,37.973736,-121.319246
95205,37.964578,-121.259841
95206,37.918854,-121.417427
95207,38.002125,-121.324979
95209,38.046863,-121.352802
95210,38.030177,-121.297912
95211,37.979250,-121.313409
95212,38.049939,-121.232970
95215,37.949421,-121.157283
95219,38.051726,-121.483036
95220,38.200231,-121.235034
95222,38.072109,-120.631346
95223,38.433968,-119.968436
95224,38.231324,-120.322688
95225,38.193762,-120.875928
95226,38.228948,-120.856627
95227,38.210353,-121.051256
95228,37.907230,-120.688307
95230,38.000494,-120.898152
95231,37.873793,-121.290146
95232,38.355338,-120.594018
95233,38.161669,-120.368144
95234,37.925763,-121.528026
95236,38.029730,-121.023890
95237,38.161879,-121.149837
95240,38.114388,-121.144658
95242,38.137068,-121.384546
95245,38.299257,-120.626707
95246,38.227003,-120.514561
95247,38.138539,-120.452903
95248,38.317709,-120.461112
95249,38.189115,-120.638708
95250,38.237833,-120.428658
95251,38.078402,-120.443443
95252,38.149816,-120.846670
95254,38.192620,-120.957820
95255,38.419902,-120.474458
95257,38.379703,-120.448000
95258,38.173556,-121.312247
95301,37.321233,-120.654395
95303,37.470288,-120.671083
95304,37.671103,-121.406559
95305,37.794225,-120.269140
95306,37.365530,-120.160164
95307,37.554269,-120.951523
95310,38.085839,-120.378550
95311,37.714260,-120.081389
95312,37.421071,-120.652983
95313,37.431392,-121.051294
95314,38.319132,-119.796208
95315,37.421900,-120.769283
95316,37.553376,-120.714055
95317,37.127380,-120.506433
95318,37.653372,-119.784117
95319,37.639290,-120.903049
95320,37.825598,-121.005157
95321,37.864258,-120.004543
95322,37.166199,-121.024432
95323,37.608303,-120.685156
95324,37.394536,-120.890747
95325,37.466072,-120.225948
95326,37.588918,-120.855236
95327,37.861625,-120.480322
95328,37.558453,-120.909880
95329,37.666587,-120.411517
95330,37.808915,-121.312639
95333,37.242232,-120.240442
95334,37.347307,-120.742627
95335,38.124887,-120.093146
95336,37.830267,-121.201020
95337,37.743039,-121.238380
95338,37.508765,-119.982496
95340,37.345785,-120.424150
95341,37.231045,-120.501072
95345,37.583767,-119.976728
95346,38.065529,-120.170699
95348,37.392287,-120.498299
95350,37.671978,-121.007405
95351,37.623601,-120.996324
95354,37.639029,-120.964772
95355,37.672906,-120.946594
95356,37.718023,-121.032714
95357,37.672536,-120.887136
95358,37.612612,-121.108568
95360,37.325955,-121.193383
95361,37.787236,-120.759202
95363,37.452895,-121.229974
95364,38.258394,-119.783024
95365,37.331113,-120.294817
95366,37.762766,-121.125277
95367,37.729282,-120.942905
95368,37.713269,-121.085404
95369,37.531889,-120.437413
95370,37.984549,-120.349264
95372,37.991289,-120.262791
95374,37.316807,-120.855753
95375,38.186595,-120.026235
95376,37.737191,-121.433384
95377,37.673944,-121.517227
95379,37.939765,-120.188046
95380,37.474396,-120.875917
95382,37.528476,-120.853313
95383,38.112760,-120.225746
95385,37.610740,-121.247330
95386,37.667405,-120.629404
95387,37.519349,-121.296545
95388,37.414670,-120.586787
95389,37.626489,-119.681280
95391,37.768218,-121.609509
95401,38.449137,-122.793752
95403,38.503685,-122.754057
95404,38.525733,-122.690443
95405,38.437114,-122.665993
95407,38.393300,-122.745048
95409,38.468829,-122.580724
95410,39.199469,-123.702253
95412,38.713421,-123.349777
95415,39.015251,-123.370756
95417,39.689790,-123.610022
95420,39.366146,-123.804985
95421,38.628217,-123.160834
95422,38.973012,-122.623922
95423,39.064446,-122.626701
95425,38.823058,-123.063891
95426,38.833425,-122.734061
95427,39.244183,-123.563531
95428,39.824803,-123.179609
95429,39.720930,-123.300262
95430,38.461425,-123.047186
95431,38.348343,-122.517056
95432,39.108252,-123.645121
95435,39.007213,-122.869510
95436,38.486817,-122.905620
95437,39.487185,-123.741963
95439,38.493179,-122.777546
95441,38.731694,-122.906767
95442,38.371538,-122.487307
95443,39.054011,-122.751253
95444,38.433216,-122.869001
95445,38.832520,-123.472532
95446,38.527164,-123.007892
95448,38.622985,-122.889121
95449,38.936137,-123.119445
95450,38.501363,-123.170879
95451,38.922131,-122.789559
95452,38.425523,-122.535210
95453,39.045931,-122.941077
95454,39.806096,-123.516147
95456,39.258198,-123.761560
95457,38.882973,-122.532720
95458,39.161278,-122.745312
95459,38.976640,-123.604802
95460,39.305245,-123.748616
95461,38.752774,-122.557196
95462,38.462142,-123.018384
95463,39.186791,-123.558382
95464,39.128363,-122.849302
95465,38.421934,-123.063911
95466,39.081822,-123.504872
95467,38.808264,-122.539952
95468,38.918887,-123.605684
95469,39.390917,-123.052841
95470,39.314030,-123.249924
95471,38.524077,-122.968774
95472,38.398815,-122.861923
95476,38.249428,-122.466627
95482,39.135023,-123.259338
95485,39.225478,-122.922912
95486,38.474137,-123.024203
95488,39.683707,-123.741609
95490,39.492842,-123.340973
95492,38.528079,-122.821349
95493,39.184728,-122.969574
95494,38.889651,-123.337821
95497,38.743039,-123.476418
95501,40.798659,-124.151583
95503,40.738322,-124.107619
95511,40.141856,-123.681921
95514,40.294713,-123.653473
95519,40.959368,-124.051236
95521,40.855694,-124.066898
95524,40.825486,-124.049485
95525,40.921430,-123.815266
95526,40.459048,-123.673177
95527,41.012258,-123.387964
95528,40.496975,-123.930822
95531,41.819578,-124.065667
95536,40.523099,-124.326421
95537,40.726752,-124.217378
95540,40.578828,-124.136869
95542,40.080405,-123.783948
95543,41.870812,-123.862770
95545,40.280389,-124.063670
95546,41.092825,-123.675802
95547,40.557483,-124.081215
95548,41.593204,-124.045992
95549,40.666691,-123.908396
95550,40.781218,-123.826383
95551,40.674987,-124.231146
95552,40.202543,-123.228609
95553,40.244215,-123.888871
95554,40.296412,-123.777178
95555,41.241807,-123.913425
95556,41.324926,-123.600968
95558,40.298264,-124.243071
95559,40.183681,-123.745046
95560,40.168801,-123.826148
95562,40.472423,-124.121840
95563,40.877330,-123.499144
95564,40.790880,-124.204748
95565,40.455189,-124.015148
95567,41.950683,-124.097094
95568,41.452689,-123.464813
95569,40.377299,-123.854169
95570,41.080058,-124.156283
95571,40.322772,-123.920622
95573,40.914926,-123.668723
95585,39.844682,-123.656929
95587,39.963270,-123.775737
95589,40.055796,-123.969269
95595,40.123177,-123.446279
95601,38.426699,-120.825717
95602,38.990030,-121.114408
95603,38.915869,-121.080284
95604,39.243304,-120.071406
95605,38.593521,-121.539867
95606,38.756184,-122.195438
95607,38.830371,-122.126946
95608,38.624150,-121.324911
95610,38.694908,-121.271772
95612,38.384706,-121.578722
95614,38.886238,-120.979699
95615,38.318624,-121.554752
95616,38.554133,-121.798467
95618,38.543211,-121.681500
95619,38.680605,-120.814261
95620,38.412615,-121.756222
95621,38.695704,-121.308303
95623,38.603602,-120.857030
95624,38.427507,-121.314899
95625,38.358121,-121.911547
95626,38.733145,-121.468174
95627,38.734513,-122.025346
95628,38.652065,-121.254410
95629,38.516474,-120.688517
95630,38.666597,-121.141635
95631,39.053461,-120.795632
95632,38.274451,-121.259201
95633,38.840217,-120.829757
95634,38.936904,-120.772283
95635,38.910748,-120.908621
95636,38.621278,-120.383217
95637,38.834145,-122.236936
95638,38.313448,-121.123886
95639,38.389030,-121.500428
95640,38.325248,-120.955787
95641,38.140366,-121.589783
95642,38.343033,-120.760921
95645,38.884891,-121.778654
95646,38.689261,-120.054975
95648,38.922812,-121.312005
95650,38.809175,-121.171375
95651,38.817820,-120.929272
95652,38.662983,-121.401113
95653,38.697634,-121.977571
95655,38.549228,-121.278598
95658,38.881183,-121.169014
95659,38.842230,-121.572164
95660,38.678545,-121.379969
95661,38.741074,-121.247693
95662,38.689174,-121.218435
95663,38.855811,-121.182313
95664,38.801290,-121.037936
95665,38.400650,-120.648462
95666,38.523861,-120.376629
95667,38.734925,-120.789952
95668,38.833555,-121.498099
95669,38.482619,-120.899472
95670,38.604268,-121.280327
95672,38.722374,-120.978633
95673,38.689241,-121.459014
95674,38.954159,-121.481870
95675,38.544700,-120.740500
95677,38.791075,-121.234854
95678,38.764070,-121.287523
95679,38.896313,-122.365365
95680,38.240419,-121.587535
95681,38.995557,-121.353545
95682,38.612129,-120.964522
95683,38.511992,-121.096261
95684,38.592309,-120.584657
95685,38.434483,-120.761659
95686,38.157794,-121.520223
95687,38.333133,-121.920151
95688,38.408571,-122.022775
95689,38.478832,-120.611993
95690,38.199576,-121.618273
95691,38.627951,-121.593287
95692,39.046931,-121.403091
95693,38.399281,-121.210116
95694,38.568866,-122.079781
95695,38.687045,-121.857077
95697,38.732368,-121.810263
95698,38.816357,-121.910770
95699,38.436774,-120.857624
95701,39.226549,-120.767022
95703,38.985882,-120.978665
95709,38.750132,-120.675412
95713,39.111833,-120.877969
95714,39.200502,-120.840726
95715,39.269964,-120.677611
95717,39.144526,-120.852575
95720,38.766610,-120.223931
95721,38.843738,-120.072674
95722,39.009801,-121.034707
95724,39.311704,-120.328125
95726,38.800349,-120.503871
95728,39.319332,-120.399379
95735,38.840282,-120.150225
95736,39.038809,-120.977530
95742,38.577783,-121.201788
95746,38.747526,-121.180092
95747,38.782070,-121.373155
95757,38.344888,-121.431231
95758,38.427813,-121.444696
95762,38.685087,-121.063769
95765,38.815548,-121.280172
95776,38.698614,-121.699262
95811,38.583230,-121.478101
95814,38.580568,-121.495590
95815,38.605407,-121.447593
95816,38.571577,-121.466465
95817,38.550547,-121.456373
95818,38.554487,-121.497058
95819,38.569828,-121.440067
95820,38.534879,-121.444372
95821,38.625693,-121.384916
95822,38.512787,-121.493618
95823,38.474099,-121.443454
95824,38.517585,-121.440739
95825,38.591897,-121.408467
95826,38.543754,-121.377692
95827,38.556129,-121.324257
95828,38.488809,-121.395843
95829,38.489544,-121.323454
95830,38.490508,-121.284171
95831,38.493966,-121.529188
95832,38.447050,-121.496114
95833,38.619049,-121.517552
95834,38.635653,-121.518416
95835,38.670649,-121.525983
95837,38.693765,-121.598941
95838,38.645723,-121.445254
95841,38.660370,-121.347394
95842,38.686809,-121.349146
95843,38.715463,-121.363422
95864,38.584047,-121.375846
95901,39.223939,-121.494050
95903,39.106099,-121.368180
95910,39.491126,-120.817232
95912,39.016702,-122.062143
95914,39.449004,-121.330521
95915,40.006256,-121.158894
95916,39.665539,-121.351955
95917,39.409686,-121.756653
95918,39.301229,-121.337929
95919,39.432882,-121.261143
95920,39.449794,-121.936372
95922,39.488340,-121.066908
95923,40.133728,-121.092693
95925,39.484108,-121.192649
95926,39.745628,-121.843834
95928,39.685710,-121.844084
95930,39.548599,-121.192105
95932,39.266469,-121.978604
95934,40.060074,-120.907922
95935,39.379346,-121.192310
95936,39.605383,-120.811013
95937,38.885244,-121.999039
95938,39.604713,-121.795288
95939,39.571982,-122.580827
95941,39.516314,-121.250935
95942,40.019450,-121.566635
95943,39.584807,-122.032297
95944,39.495266,-120.943811
95945,39.196387,-120.972289
95946,39.215586,-121.203240
95947,40.174567,-120.819768
95948,39.339264,-121.770785
95949,39.099230,-121.138848
95950,39.043447,-121.918099
95951,39.722512,-122.004433
95953,39.259022,-121.776826
95954,39.884654,-121.586789
95955,39.294516,-122.201715
95956,39.838288,-121.134235
95957,39.060921,-121.827155
95959,39.347811,-120.918728
95960,39.403217,-121.034486
95961,39.040305,-121.560484
95962,39.344757,-121.264517
95963,39.736308,-122.259338
95965,39.593945,-121.581363
95966,39.475360,-121.414110
95968,39.435211,-121.551925
95969,39.716846,-121.646180
95970,39.398424,-122.060946
95971,39.940063,-120.891328
95973,39.891624,-121.841982
95974,39.480221,-121.838454
95975,39.224354,-121.151625
95977,39.176595,-121.291692
95978,39.875599,-121.536315
95979,39.302035,-122.511160
95981,39.679398,-120.998619
95982,39.172726,-121.805819
95983,40.077912,-120.707315
95984,40.040955,-121.122652
95986,39.342544,-120.770868
95987,39.105127,-122.283003
95988,39.491654,-122.262080
95991,38.994187,-121.594591
95993,39.082497,-121.680114
96001,40.601778,-122.454973
96002,40.527834,-122.318749
96003,40.751937,-122.230678
96006,41.135964,-120.840063
96007,40.458029,-122.277830
96008,40.704869,-122.120038
96009,41.056040,-121.020802
96010,40.913780,-123.307421
96011,41.051216,-121.984492
96013,40.973657,-121.692399
96014,41.326646,-122.773654
96015,41.487278,-120.912416
96016,40.894269,-121.507020
96017,41.076875,-122.253652
96019,40.676564,-122.380909
96020,40.397960,-121.298528
96021,39.923446,-122.270806
96022,40.336387,-122.448511
96023,41.928894,-121.906809
96024,40.546631,-122.880891
96025,41.209942,-122.307935
96027,41.399483,-123.068855
96028,41.006417,-121.480741
96029,39.940260,-122.489200
96031,41.186066,-123.181796
96032,41.609516,-122.963525
96033,40.781633,-122.584149
96034,41.428284,-122.609441
96035,40.045637,-122.184859
96037,41.544675,-122.934665
96038,41.607100,-122.545715
96039,41.687905,-123.483269
96040,40.793535,-121.438607
96041,40.525724,-123.193917
96044,41.930950,-122.510081
96046,40.588772,-123.434201
96047,40.471076,-122.660955
96048,40.829014,-123.022859
96049,41.771860,-123.327375
96050,41.898880,-122.888552
96051,40.933200,-122.382788
96052,40.738391,-122.821086
96054,41.238956,-121.039250
96055,40.103236,-122.074735
96056,41.028176,-121.308316
96057,41.268682,-121.930940
96058,41.727044,-121.907369
96059,40.421637,-121.833052
96061,40.338068,-121.479070
96062,40.580119,-122.041403
96063,40.370467,-121.606306
96064,41.754853,-122.365534
96065,40.879080,-121.893264
96067,41.314337,-122.380798
96068,41.118402,-121.207564
96069,40.685336,-122.016069
96071,40.663854,-121.461060
96073,40.603066,-122.186657
96074,39.884652,-122.586513
96075,40.343242,-121.852205
96076,40.391542,-122.937883
96080,40.181890,-122.377104
96084,40.844643,-121.969849
96085,41.740719,-123.077404
96086,41.924160,-123.260782
96087,40.619998,-122.643642
96088,40.510870,-121.876112
96090,40.021716,-122.127821
96091,41.034706,-122.791321
96092,39.963320,-122.017242
96093,40.765478,-122.941428
96094,41.456579,-122.469367
96096,40.654093,-121.822848
96097,41.756147,-122.659466
96101,41.452711,-120.538460
96103,39.805588,-120.665978
96104,41.506276,-120.143106
96105,39.753579,-120.054995
96106,39.736644,-120.543744
96107,38.425282,-119.475743
96108,41.770116,-120.431104
96109,40.019715,-120.099183
96110,41.299883,-120.078511
96111,39.483479,-120.037661
96112,41.858844,-120.104998
96113,40.142933,-120.159007
96114,40.296745,-120.499838
96115,41.701830,-120.134337
96116,41.258361,-120.372343
96117,40.533462,-120.235356
96118,39.639597,-120.247144
96119,41.022721,-120.523987
96120,38.743384,-119.867624
96121,40.164393,-120.380042
96122,39.825228,-120.477053
96123,40.728194,-120.396280
96124,39.641871,-120.445265
96125,39.602711,-120.636150
96126,39.529719,-120.454168
96128,40.358768,-120.408154
96129,39.789270,-120.357278
96130,40.551757,-120.675673
96132,40.914751,-120.402175
96133,38.620964,-119.505184
96134,41.767323,-121.440546
96135,39.808651,-120.205672
96136,40.345753,-120.081154
96137,40.270731,-121.039461
96140,39.232027,-120.096413
96141,39.067274,-120.177798
96142,38.997166,-120.129625
96143,39.254453,-120.022185
96145,39.148285,-120.170923
96146,39.198047,-120.237787
96148,39.249050,-120.060428
96150,38.869825,-120.008594
96155,38.762986,-120.087069
96161,39.313089,-120.207783
96701,21.406053,-157.884952
96703,22.145578,-159.385681
96704,19.337269,-155.837622
96705,21.899532,-159.568546
96706,21.344763,-158.022279
96707,21.363106,-158.082206
96708,20.852389,-156.223562
96710,19.842479,-155.247512
96712,21.621367,-158.048011
96713,20.738821,-156.045046
96714,22.131250,-159.520972
96716,22.049275,-159.592419
96717,21.557794,-157.905340
96719,20.234364,-155.835941
96720,19.659810,-155.232473
96722,22.188349,-159.460872
96725,19.626488,-155.910336
96726,19.428177,-155.820972
96727,20.109943,-155.636271
96728,19.861176,-155.124957
96729,21.173558,-157.116812
96730,21.543144,-157.850479
96731,21.677463,-157.968120
96732,20.883783,-156.462641
96734,21.395084,-157.758188
96737,19.064517,-155.779672
96738,19.871941,-155.802163
96740,19.756820,-155.919968
96741,21.956769,-159.513981
96742,21.176668,-156.965748
96743,19.862159,-155.698870
96744,21.451733,-157.824227
96746,22.093378,-159.385190
96747,21.929944,-159.624427
96748,21.131173,-156.835237
96749,19.621282,-154.989735
96750,19.531994,-155.714828
96751,22.104971,-159.302546
96752,21.970965,-159.714507
96753,20.711955,-156.438498
96754,22.178915,-159.412290
96755,20.196906,-155.789908
96756,21.907071,-159.451665
96757,21.154453,-156.977379
96759,21.467418,-158.072427
96760,19.554764,-155.056113
96761,20.897296,-156.613540
96762,21.618531,-157.943900
96763,20.836482,-156.927377
96764,19.912071,-155.276904
96765,21.911192,-159.477967
96766,21.991913,-159.398906
96768,20.832264,-156.297856
96769,21.895567,-160.152508
96770,21.133617,-157.216932
96771,19.524215,-155.123040
96772,19.154515,-155.623214
96773,19.880162,-155.239161
96774,19.971897,-155.319507
96776,19.994067,-155.399601
96777,19.251948,-155.456769
96778,19.438940,-155.028176
96779,20.909260,-156.384632
96780,19.969760,-155.216166
96781,19.786152,-155.217704
96782,21.417374,-157.936867
96783,19.830827,-155.144159
96785,19.453729,-155.407546
96786,21.564057,-157.979306
96789,21.483875,-157.934284
96790,20.685422,-156.305383
96791,21.563640,-158.185151
96792,21.468626,-158.166919
96793,20.895445,-156.530122
96795,21.335013,-157.710924
96796,22.094055,-159.718749
96797,21.430996,-157.972895
96799,14.319506,-170.750246
96813,21.316548,-157.845053
96814,21.293143,-157.848767
96815,21.273462,-157.822444
96816,21.290676,-157.788352
96817,21.355506,-157.821647
96818,21.343331,-157.941721
96819,21.347117,-157.877317
96821,21.311063,-157.750269
96822,21.320208,-157.810759
96825,21.294518,-157.688748
96826,21.291518,-157.826869
96850,21.303768,-157.862663
96853,21.333755,-157.938957
96857,21.486745,-158.051500
96859,21.360460,-157.890628
96860,21.355655,-157.941232
96863,21.448453,-157.762325
96910,13.450553,+144.750710
96913,13.477839,+144.814522
96915,13.377481,+144.702278
96916,13.260372,+144.700671
96917,13.300206,+144.740075
96921,13.459123,+144.793973
96928,13.384537,+144.661298
96929,13.565099,+144.876240
96932,13.475451,+144.741733
96950,15.186892,+145.754437
96951,14.152359,+145.213128
96952,15.010060,+145.631189
97001,44.990287,-120.604029
97002,45.240483,-122.793841
97004,45.254962,-122.449377
97005,45.490959,-122.803586
97006,45.517009,-122.859817
97007,45.454271,-122.879619
97008,45.460190,-122.804198
97009,45.422994,-122.332770
97011,45.387126,-122.026423
97013,45.220824,-122.668280
97014,45.568503,-122.044710
97015,45.413524,-122.536758
97016,46.060308,-123.266951
97017,45.176519,-122.389690
97018,45.899259,-122.812218
97019,45.515631,-122.242730
97020,45.222954,-122.833621
97021,45.385919,-121.142379
97022,45.346725,-122.319961
97023,45.278476,-122.323188
97024,45.546622,-122.442346
97026,45.106152,-122.959936
97027,45.385650,-122.592827
97028,45.288449,-121.807282
97029,45.287094,-120.802277
97030,45.509203,-122.433468
97031,45.626691,-121.550386
97032,45.176630,-122.783877
97033,45.280255,-120.595882
97034,45.409354,-122.683468
97035,45.413498,-122.725171
97037,45.067048,-121.027621
97038,45.095438,-122.558954
97039,45.451556,-120.664859
97040,45.617111,-121.388115
97041,45.436254,-121.624789
97042,45.207722,-122.537224
97045,45.320277,-122.536467
97048,46.044795,-122.982023
97049,45.345254,-121.862740
97050,45.673580,-120.781632
97051,45.875701,-122.949006
97053,45.827979,-122.883286
97054,45.942235,-122.949588
97055,45.388717,-122.155068
97056,45.772037,-122.969410
97057,45.002733,-120.749973
97058,45.536452,-121.155254
97060,45.531327,-122.369090
97062,45.369302,-122.762307
97063,45.224901,-121.301127
97064,45.859087,-123.235518
97065,45.607642,-120.644619
97067,45.297725,-122.058958
97068,45.352514,-122.668534
97070,45.306108,-122.773066
97071,45.134191,-122.826487
97080,45.478314,-122.390727
97086,45.445048,-122.528173
97089,45.426416,-122.442992
97101,45.090196,-123.228702
97102,45.795655,-123.959820
97103,46.133918,-123.710609
97106,45.665677,-123.118977
97107,45.552522,-123.879381
97108,45.268884,-123.708784
97109,45.737827,-123.181210
97110,45.901039,-123.955401
97111,45.284549,-123.195186
97112,45.271232,-123.868472
97113,45.497238,-123.044336
97114,45.187855,-123.076570
97115,45.275227,-123.039460
97116,45.580822,-123.165693
97117,45.631444,-123.287900
97118,45.560774,-123.911344
97119,45.468863,-123.200213
97121,46.171919,-123.951838
97122,45.161422,-123.825780
97123,45.440165,-122.980083
97124,45.569079,-122.946701
97125,45.671165,-123.196980
97127,45.246126,-123.111352
97128,45.211917,-123.282091
97130,45.671507,-123.933418
97131,45.736903,-123.817024
97132,45.324219,-122.987330
97133,45.702104,-123.029779
97134,45.457577,-123.977041
97135,45.221862,-123.962705
97136,45.630592,-123.920769
97137,45.219509,-122.948493
97138,45.853556,-123.569342
97140,45.353080,-122.865845
97141,45.510729,-123.743368
97144,45.741563,-123.300243
97145,45.851149,-123.950728
97146,46.129698,-123.945911
97147,45.688003,-123.878633
97148,45.358403,-123.248478
97149,45.112951,-123.939044
97201,45.507856,-122.690794
97202,45.482541,-122.643935
97203,45.603549,-122.737905
97204,45.518371,-122.673946
97205,45.520562,-122.710231
97206,45.482433,-122.598605
97208,45.528666,-122.678981
97209,45.531124,-122.683951
97210,45.544163,-122.726626
97211,45.581132,-122.637305
97212,45.544236,-122.643468
97213,45.538194,-122.600014
97214,45.514672,-122.643014
97215,45.515121,-122.600627
97216,45.513887,-122.558403
97217,45.601815,-122.700798
97218,45.576236,-122.600873
97219,45.454231,-122.698526
97220,45.550024,-122.559297
97221,45.498278,-122.728839
97222,45.440949,-122.618111
97223,45.440290,-122.776604
97224,45.405501,-122.795056
97225,45.502847,-122.770212
97227,45.543386,-122.678100
97229,45.551031,-122.809275
97230,45.557757,-122.505268
97231,45.687629,-122.824209
97232,45.528929,-122.643927
97233,45.515307,-122.502168
97236,45.483213,-122.510515
97239,45.489938,-122.690453
97266,45.482967,-122.557619
97267,45.408427,-122.612867
97301,44.948780,-123.003655
97302,44.903103,-123.064528
97303,45.030354,-123.023689
97304,45.006596,-123.111691
97305,45.014338,-122.928719
97306,44.842904,-123.094751
97317,44.902603,-122.907374
97321,44.653450,-123.139526
97322,44.627553,-123.017613
97324,44.364996,-123.623152
97325,44.833821,-122.852230
97326,44.619481,-123.602815
97327,44.375035,-122.947586
97329,44.411265,-122.384620
97330,44.647997,-123.259576
97331,44.564604,-123.280419
97333,44.468069,-123.293831
97338,44.926618,-123.347413
97341,44.809324,-124.051239
97342,44.739272,-121.878966
97343,44.575254,-123.751490
97344,44.869102,-123.464616
97345,44.411545,-122.578909
97346,44.788363,-122.335327
97347,45.077114,-123.656393
97348,44.383294,-123.122261
97350,44.631459,-121.863760
97351,44.815295,-123.129486
97352,44.749395,-123.027593
97355,44.532241,-122.821044
97357,44.752668,-123.825597
97358,44.804124,-122.413624
97360,44.766270,-122.499397
97361,44.766836,-123.344975
97362,45.063492,-122.771310
97364,44.998860,-123.986853
97365,44.666397,-124.010783
97366,44.575679,-124.058352
97367,44.914756,-123.974231
97368,45.024376,-123.903116
97369,44.761507,-124.051772
97370,44.563748,-123.445455
97371,44.990697,-123.190756
97373,45.057040,-122.771754
97374,44.675912,-122.778135
97375,44.977323,-122.596342
97376,44.498235,-123.975013
97377,44.463294,-123.105998
97378,45.070687,-123.421129
97380,44.786018,-123.929969
97381,44.939469,-122.720723
97383,44.794464,-122.721862
97384,44.790993,-122.618879
97385,44.865853,-122.723550
97386,44.359177,-122.727043
97388,44.903514,-124.017859
97389,44.533484,-123.089786
97390,44.309413,-123.828824
97391,44.624538,-123.898368
97392,44.795611,-122.930376
97394,44.443864,-123.907156
97396,45.104595,-123.549273
97401,44.067988,-123.080181
97402,44.047736,-123.230905
97403,44.035821,-123.052976
97404,44.105457,-123.133235
97405,43.939557,-123.192759
97406,42.615862,-124.021255
97408,44.142995,-123.058241
97410,42.798940,-123.147871
97411,43.075636,-124.359381
97412,44.204915,-123.548069
97413,44.124779,-122.072275
97414,42.961295,-124.203481
97415,42.084386,-124.174762
97416,43.034121,-123.686734
97417,42.947656,-123.230688
97419,44.180778,-123.413186
97420,43.350966,-124.136922
97423,43.193667,-124.173269
97424,43.740810,-123.018593
97426,43.898930,-123.029954
97429,42.968299,-123.063500
97430,44.174840,-123.705193
97431,43.869538,-122.841490
97434,43.621289,-122.703220
97435,43.690204,-123.328474
97436,43.640015,-123.584772
97437,44.093110,-123.408747
97438,43.944242,-122.682456
97439,44.090182,-124.048338
97441,43.751829,-124.166146
97442,42.780374,-123.425369
97443,43.250484,-123.004257
97444,42.506103,-124.337299
97446,44.260727,-123.054648
97447,43.155248,-122.210461
97448,44.208328,-123.279908
97449,43.563367,-124.040505
97450,42.905939,-124.397057
97451,43.815227,-123.268019
97452,43.874112,-122.750081
97453,43.980238,-123.850173
97454,44.221508,-122.821646
97455,43.968553,-122.919656
97456,44.339248,-123.366418
97457,43.064514,-123.229472
97458,43.048844,-124.008543
97459,43.484217,-124.182735
97461,44.108529,-123.479762
97462,43.489968,-123.379201
97463,43.740681,-122.387167
97465,42.763521,-124.344681
97466,42.848945,-124.085233
97467,43.815887,-123.823914
97469,42.910677,-123.445884
97470,43.250675,-123.242413
97471,43.218335,-123.487741
97473,43.675910,-123.852596
97476,42.842229,-124.402796
97477,44.058465,-123.011597
97478,44.089156,-122.842269
97479,43.390350,-123.208305
97480,44.122276,-123.825169
97481,43.115279,-123.565980
97484,42.940021,-122.850300
97486,43.383323,-123.531642
97487,43.988768,-123.387210
97488,44.128632,-122.417466
97489,44.164724,-122.620682
97490,44.004140,-123.612013
97492,43.718382,-122.484809
97493,43.889588,-124.024907
97494,43.330404,-123.328081
97495,43.281038,-123.315196
97496,43.066483,-123.472707
97497,42.665706,-123.425495
97498,44.284611,-124.022676
97499,43.595025,-123.248065
97501,42.265992,-122.900842
97502,42.414574,-122.954536
97503,42.604691,-122.923719
97504,42.327947,-122.800496
97520,42.182373,-122.577113
97522,42.574815,-122.530566
97523,42.123094,-123.566871
97524,42.467463,-122.647726
97525,42.450689,-123.060929
97526,42.535682,-123.338285
97527,42.371140,-123.413622
97530,42.152148,-123.057499
97531,42.199844,-123.645659
97532,42.573758,-123.521009
97534,42.118976,-123.786285
97535,42.267738,-122.811447
97536,42.781908,-122.494698
97537,42.546408,-123.137820
97538,42.270542,-123.567420
97539,42.576424,-122.786219
97540,42.192697,-122.817256
97541,42.774879,-122.755413
97543,42.375062,-123.562128
97544,42.161377,-123.302418
97601,42.443499,-122.075580
97603,42.152018,-121.683526
97604,42.953862,-122.213146
97620,42.204181,-119.787880
97621,42.469228,-121.293655
97622,42.419191,-121.026234
97623,42.202156,-121.271139
97624,43.003246,-121.635689
97625,42.314770,-121.580890
97626,42.667350,-122.027910
97627,42.140336,-122.049929
97630,42.331353,-120.367452
97632,42.036487,-121.433906
97633,42.034140,-121.562829
97634,42.128304,-121.814925
97635,41.929992,-120.294195
97636,42.616637,-120.514464
97637,42.703377,-119.890062
97638,43.135955,-120.987247
97639,42.447776,-121.429035
97640,42.847889,-120.663340
97641,43.260266,-120.513837
97701,44.112338,-121.206340
97702,44.000626,-121.233812
97707,43.826223,-121.492124
97710,42.174574,-118.470845
97711,44.705249,-120.664310
97712,43.789447,-120.456155
97720,43.585167,-118.887819
97721,42.526339,-118.446078
97722,42.948090,-118.716044
97730,44.502297,-121.647176
97731,43.145997,-121.797480
97732,43.397290,-118.443106
97733,43.371249,-121.999522
97734,44.542438,-121.336146
97735,43.410690,-120.926174
97736,42.741882,-119.006803
97737,43.496880,-121.743673
97738,43.484045,-119.156464
97739,43.694658,-121.460906
97741,44.657725,-121.054464
97750,44.658141,-120.196695
97751,44.145500,-119.869134
97752,44.142920,-120.254389
97753,44.240512,-121.018129
97754,44.159640,-120.585505
97756,44.283326,-121.216724
97758,43.338744,-119.872224
97759,44.500616,-121.898499
97760,44.376205,-121.243587
97761,44.838526,-121.261509
97801,45.670806,-118.823573
97810,45.713979,-118.457961
97812,45.575159,-120.249897
97813,45.850406,-118.528084
97814,44.827571,-117.757799
97817,44.728770,-118.605928
97818,45.785367,-119.890171
97819,44.485347,-117.760392
97820,44.072549,-119.472928
97823,45.239934,-120.216766
97824,45.354301,-117.756470
97825,44.385126,-119.496273
97826,45.664296,-119.232316
97827,45.575424,-117.838050
97828,45.716563,-117.221992
97830,44.966553,-120.183153
97833,44.928889,-118.014879
97834,44.972275,-117.161191
97835,45.910007,-118.786544
97836,45.321152,-119.474620
97837,44.556661,-118.067106
97838,45.853004,-119.287265
97839,45.591171,-119.593040
97840,44.884599,-116.918444
97841,45.465116,-117.944925
97842,45.399271,-116.736989
97843,45.502322,-119.902866
97844,45.884150,-119.548836
97845,44.401824,-118.903060
97846,45.462699,-117.039586
97848,44.722177,-119.580554
97850,45.303538,-118.113278
97856,44.815212,-119.125255
97857,45.384667,-117.480138
97859,45.526719,-118.421455
97862,45.922063,-118.316063
97864,44.805466,-119.435932
97865,44.461466,-119.180040
97867,45.077654,-117.993762
97868,45.409294,-118.853582
97869,44.397563,-118.633979
97870,44.787989,-117.186563
97873,44.132013,-119.002884
97874,44.777573,-119.867594
97875,45.818549,-119.132853
97876,45.516439,-118.035678
97877,44.711742,-118.410517
97880,45.088669,-118.882506
97882,45.897431,-119.366071
97883,45.192423,-117.634155
97884,44.455344,-118.222230
97885,45.655669,-117.511704
97886,45.802308,-118.272410
97901,43.621445,-117.107275
97903,44.246805,-117.646977
97904,43.886179,-118.522929
97905,44.573820,-117.459512
97906,43.537039,-117.774678
97907,44.419501,-117.345514
97908,44.312378,-117.927886
97909,44.246692,-117.418958
97910,42.749076,-117.511459
97911,43.736482,-118.041388
97913,43.613589,-117.323286
97914,44.113619,-117.084162
97918,44.037114,-117.351072
97920,44.072181,-117.854282
98001,47.310617,-122.263291
98002,47.308286,-122.216812
98003,47.304801,-122.316969
98004,47.618337,-122.205341
98005,47.614533,-122.168798
98006,47.557627,-122.151005
98007,47.613825,-122.144365
98008,47.605797,-122.099118
98010,47.311990,-122.000503
98011,47.753344,-122.201952
98012,47.841376,-122.198939
98014,47.662086,-121.891870
98019,47.734333,-121.855307
98020,47.802344,-122.374193
98021,47.792530,-122.208207
98022,47.216372,-121.912906
98023,47.311491,-122.362810
98024,47.573424,-121.899182
98026,47.840735,-122.332660
98027,47.493732,-121.998724
98028,47.755665,-122.248061
98029,47.557085,-122.007748
98030,47.367214,-122.198051
98031,47.405479,-122.195772
98032,47.391942,-122.257192
98033,47.675982,-122.193578
98034,47.715769,-122.213748
98036,47.809708,-122.280394
98037,47.839223,-122.285464
98038,47.419378,-121.958008
98039,47.631695,-122.240405
98040,47.567779,-122.232795
98042,47.367737,-122.117029
98043,47.791111,-122.307790
98045,47.388327,-121.606221
98047,47.261769,-122.248889
98050,47.545269,-121.939288
98051,47.346210,-121.881291
98052,47.680990,-122.120531
98053,47.669256,-122.008454
98055,47.446982,-122.201521
98056,47.512527,-122.190248
98057,47.472020,-122.221900
98058,47.442737,-122.123973
98059,47.499429,-122.110157
98065,47.584223,-121.791951
98068,47.431696,-121.374163
98070,47.407196,-122.473322
98072,47.760785,-122.130531
98074,47.622542,-122.044210
98075,47.586092,-122.037436
98077,47.752379,-122.060283
98087,47.860085,-122.267238
98092,47.287074,-122.113839
98101,47.610902,-122.336422
98102,47.637140,-122.321891
98103,47.678255,-122.338152
98104,47.601884,-122.329459
98105,47.659861,-122.284977
98106,47.544034,-122.349874
98107,47.667527,-122.377551
98108,47.534862,-122.305794
98109,47.631863,-122.344267
98110,47.646967,-122.534561
98112,47.632810,-122.288511
98115,47.685746,-122.281589
98116,47.574245,-122.400222
98117,47.687761,-122.384870
98118,47.540246,-122.268545
98119,47.638679,-122.370946
98121,47.615192,-122.350581
98122,47.611046,-122.293207
98125,47.716513,-122.295829
98126,47.555647,-122.379590
98133,47.740485,-122.342826
98134,47.578096,-122.337860
98136,47.536464,-122.394409
98144,47.585627,-122.291960
98146,47.500058,-122.357848
98148,47.444098,-122.324859
98154,47.606211,-122.333792
98155,47.754413,-122.300477
98158,47.449678,-122.307657
98164,47.605962,-122.332029
98166,47.451576,-122.352986
98168,47.489569,-122.299960
98174,47.604569,-122.335359
98177,47.742239,-122.376608
98178,47.499387,-122.243852
98188,47.446413,-122.272098
98195,47.649339,-122.310294
98198,47.391319,-122.314971
98199,47.651371,-122.407349
98201,48.006311,-122.210044
98203,47.945519,-122.231096
98204,47.901362,-122.260891
98205,47.988595,-122.150148
98207,47.987720,-122.223307
98208,47.901777,-122.186999
98220,48.684945,-122.195194
98221,48.505025,-122.659285
98222,48.570667,-122.817463
98223,48.217120,-121.953540
98224,47.595859,-121.471411
98225,48.750940,-122.501286
98226,48.798606,-122.445693
98229,48.696127,-122.413538
98230,48.953455,-122.705013
98232,48.570552,-122.411065
98233,48.500911,-122.345655
98235,48.462505,-122.233980
98236,47.948393,-122.412822
98237,48.556708,-121.592386
98238,48.335389,-122.344620
98239,48.196498,-122.657954
98240,48.948225,-122.620684
98241,48.203972,-121.140144
98243,48.608978,-123.003654
98244,48.831811,-121.933829
98245,48.619663,-122.871770
98247,48.911829,-122.330175
98248,48.864419,-122.619419
98249,48.014236,-122.542794
98250,48.571293,-123.113449
98251,47.911529,-121.606417
98252,48.072560,-121.689606
98253,48.092397,-122.576537
98255,48.522118,-121.989403
98256,47.821484,-121.406516
98257,48.406025,-122.512147
98258,48.044170,-122.077404
98260,48.036309,-122.452564
98261,48.482492,-122.883959
98262,48.675104,-122.645925
98263,48.523789,-122.065596
98264,48.950253,-122.459792
98266,48.963594,-122.123034
98267,48.438734,-121.296339
98270,48.056723,-122.146904
98271,48.089968,-122.237681
98272,47.848583,-121.894899
98273,48.402754,-122.376148
98274,48.348771,-122.145467
98275,47.916786,-122.302643
98276,48.926701,-122.326183
98277,48.316859,-122.622619
98278,48.339706,-122.671656
98279,48.636509,-122.818264
98280,48.608033,-122.910155
98281,48.991930,-123.051184
98282,48.213258,-122.500085
98283,48.802055,-121.260324
98284,48.546832,-122.135222
98286,48.568814,-122.957539
98288,47.661553,-121.278786
98290,47.955367,-121.978502
98292,48.216792,-122.314390
98294,47.874166,-121.754323
98295,48.984027,-122.193118
98296,47.840783,-122.101084
98297,48.702062,-123.026507
98303,47.157405,-122.693536
98304,46.884601,-121.736645
98305,48.062891,-124.439072
98310,47.591896,-122.626241
98311,47.631197,-122.631017
98312,47.573702,-122.786447
98314,47.556287,-122.637118
98315,47.724550,-122.716011
98320,47.718543,-122.966923
98321,47.152606,-122.071738
98323,47.043116,-121.827633
98325,47.966641,-122.759706
98326,48.179735,-124.411660
98327,47.103909,-122.665131
98328,46.865890,-122.157916
98329,47.360807,-122.744173
98330,46.775910,-122.169011
98331,47.777349,-124.191674
98332,47.372495,-122.595828
98333,47.257686,-122.646552
98335,47.296947,-122.623661
98336,46.597949,-122.077799
98337,47.568714,-122.631558
98338,47.034316,-122.276854
98339,48.024005,-122.749033
98340,47.910095,-122.571060
98342,47.755262,-122.511482
98345,47.698622,-122.623850
98346,47.820849,-122.525462
98349,47.273147,-122.764515
98350,47.906402,-124.621813
98351,47.199661,-122.774258
98353,47.538640,-122.492613
98354,47.251994,-122.317289
98355,46.703839,-122.039922
98356,46.561214,-122.290425
98357,48.333855,-124.635404
98358,48.063796,-122.713163
98359,47.431079,-122.574916
98360,47.051415,-122.153242
98361,46.538448,-121.504819
98362,47.930621,-123.365101
98363,48.003791,-123.823238
98364,47.847110,-122.588364
98365,47.884858,-122.701425
98366,47.541253,-122.577029
98367,47.461156,-122.698000
98368,48.034402,-122.838953
98370,47.753859,-122.626792
98371,47.199448,-122.323541
98372,47.205607,-122.266088
98373,47.148479,-122.324136
98374,47.129080,-122.263923
98375,47.103181,-122.333406
98376,47.846837,-122.852262
98377,46.525584,-121.916504
98380,47.578608,-122.902886
98381,48.273676,-124.474857
98382,48.023189,-123.106245
98383,47.661688,-122.715469
98385,47.136201,-122.089555
98387,47.060925,-122.388908
98388,47.209740,-122.684422
98390,47.209523,-122.227504
98391,47.177102,-122.166177
98392,47.732280,-122.562318
98394,47.310560,-122.778480
98396,47.094772,-122.001717
98402,47.250158,-122.439030
98403,47.265966,-122.458532
98404,47.208981,-122.411638
98405,47.245647,-122.472399
98406,47.264107,-122.512591
98407,47.290365,-122.517747
98408,47.197399,-122.446518
98409,47.210957,-122.481577
98416,47.262521,-122.481199
98418,47.223229,-122.446523
98421,47.260637,-122.400209
98422,47.290368,-122.392395
98424,47.235341,-122.354192
98430,47.117835,-122.567171
98433,47.112811,-122.589062
98438,47.131631,-122.496967
98439,47.132584,-122.512721
98443,47.205004,-122.372661
98444,47.153041,-122.448831
98445,47.139967,-122.409902
98446,47.130032,-122.379451
98447,47.144096,-122.443441
98465,47.251761,-122.536065
98466,47.224432,-122.541082
98467,47.203279,-122.567719
98498,47.159194,-122.553122
98499,47.168693,-122.503347
98501,46.974504,-122.875987
98502,47.087390,-123.022009
98503,47.022032,-122.797103
98506,47.108292,-122.870623
98512,46.975003,-123.063616
98513,46.977030,-122.733942
98516,47.109685,-122.794261
98520,47.205638,-123.754329
98524,47.355338,-122.861105
98526,47.454192,-123.990751
98527,46.585525,-123.924687
98528,47.445724,-122.896929
98530,46.791231,-122.821194
98531,46.730437,-122.902774
98532,46.626290,-123.052671
98533,46.661160,-122.395587
98535,47.106431,-124.137951
98536,47.194976,-124.104372
98537,46.832400,-123.597466
98538,46.482768,-123.146135
98541,47.060731,-123.389742
98542,46.525203,-122.790632
98544,46.738971,-123.026988
98546,47.319431,-122.924974
98547,46.783816,-124.036386
98548,47.382952,-123.411582
98550,47.093788,-123.925662
98552,47.315176,-123.924198
98555,47.533400,-123.063352
98557,47.044210,-123.268321
98558,46.933941,-122.557218
98559,46.958822,-123.327364
98560,47.309541,-123.422799
98562,47.237896,-124.203548
98563,47.193599,-123.615371
98564,46.449477,-122.419650
98565,46.578315,-122.901965
98568,46.855347,-123.313856
98569,46.993744,-124.136704
98570,46.630713,-122.650947
98571,47.194635,-124.170850
98572,46.546338,-123.314084
98575,47.415917,-123.802838
98576,46.837153,-122.638359
98577,46.641849,-123.610389
98579,46.788202,-123.125481
98580,46.998953,-122.521882
98581,46.357874,-123.067314
98582,46.523681,-122.625742
98583,47.000882,-123.486663
98584,47.238866,-123.145661
98585,46.550722,-122.477076
98586,46.551443,-123.830811
98587,47.308594,-124.202012
98588,47.455575,-123.024771
98589,46.833445,-122.795318
98590,46.707873,-123.998528
98591,46.442319,-122.747383
98592,47.325941,-123.070409
98593,46.402675,-123.010116
98595,46.888036,-124.113375
98596,46.492258,-122.952675
98597,46.844426,-122.492804
98601,45.943435,-122.362522
98602,45.867106,-121.265491
98603,46.055519,-122.414757
98604,45.805747,-122.510777
98605,45.776884,-121.665502
98606,45.729741,-122.456373
98607,45.642413,-122.379611
98610,45.865890,-122.065218
98611,46.305133,-122.900688
98612,46.215680,-123.325266
98613,45.736724,-120.965657
98614,46.296990,-123.909315
98616,46.253943,-122.180716
98617,45.643032,-121.167493
98619,45.975881,-121.274747
98620,45.874447,-120.775830
98621,46.379369,-123.538048
98624,46.351433,-123.992452
98625,46.037251,-122.733384
98626,46.172049,-122.773959
98628,45.887853,-121.081948
98629,45.877319,-122.619409
98631,46.404766,-124.031543
98632,46.209509,-123.056153
98635,45.750031,-121.185577
98638,46.394046,-123.761307
98639,45.669909,-121.989665
98640,46.582723,-124.027257
98641,46.546416,-124.029936
98642,45.807695,-122.693908
98643,46.295018,-123.617602
98644,46.329607,-124.056969
98645,46.331865,-122.760081
98647,46.315246,-123.401355
98648,45.706172,-121.956388
98649,46.314143,-122.534600
98650,45.947869,-121.540782
98651,45.739924,-121.583462
98660,45.678996,-122.720499
98661,45.640067,-122.625018
98662,45.688497,-122.577850
98663,45.657396,-122.662726
98664,45.619510,-122.577179
98665,45.679501,-122.660560
98670,45.858976,-121.140927
98671,45.614420,-122.238447
98672,45.839047,-121.451833
98673,45.656199,-121.028435
98674,45.951267,-122.665541
98675,45.828452,-122.342925
98682,45.673209,-122.481745
98683,45.603287,-122.510170
98684,45.630556,-122.514839
98685,45.715211,-122.693165
98686,45.723392,-122.624397
98801,47.423594,-120.336633
98802,47.486090,-120.180328
98811,47.713843,-120.376298
98812,48.152370,-119.743479
98813,48.040679,-119.560504
98814,48.206897,-120.158256
98815,47.460575,-120.478283
98816,48.002900,-120.339790
98817,47.792389,-119.993594
98819,48.615477,-119.821054
98821,47.549717,-120.558613
98822,47.979570,-120.623828
98823,47.308654,-119.649345
98824,47.077793,-119.858684
98826,47.783145,-120.843168
98827,48.868662,-119.770722
98828,47.310078,-120.178258
98829,48.302708,-119.811015
98830,47.895366,-119.523246
98831,47.959740,-120.103201
98832,47.371630,-119.024249
98833,48.772938,-120.640178
98834,48.120299,-120.066506
98836,47.471923,-120.438475
98837,47.149902,-119.305972
98840,48.315129,-119.579942
98841,48.359648,-119.268574
98843,47.756786,-120.057948
98844,48.927280,-119.227952
98845,47.431921,-119.937536
98846,48.014734,-119.971145
98847,47.419699,-120.643158
98848,47.168643,-119.842939
98849,48.540990,-119.409523
98850,47.309924,-120.075983
98851,47.413886,-119.432230
98852,48.250790,-120.529503
98853,47.459898,-119.263784
98855,48.674509,-119.253009
98856,48.343268,-120.263948
98857,46.982733,-119.057609
98858,47.649353,-119.901464
98859,48.797895,-118.956432
98860,47.461956,-119.200475
98862,48.602734,-120.320530
98901,46.722625,-120.406039
98902,46.596673,-120.533851
98903,46.543655,-121.023317
98908,46.615206,-120.724113
98921,46.431110,-120.318830
98922,47.267033,-120.878981
98923,46.666324,-120.717630
98925,47.257288,-121.270878
98926,47.014195,-120.458691
98929,46.881702,-121.285147
98930,46.269100,-119.891977
98932,46.332713,-120.156231
98933,46.402225,-120.631233
98934,46.981791,-120.414927
98935,46.132575,-120.086236
98936,46.538212,-120.143700
98937,46.792772,-121.226151
98938,46.388203,-120.094179
98939,46.496847,-120.465789
98940,47.476588,-121.080477
98941,47.223214,-120.982011
98942,46.801335,-120.664810
98943,47.183930,-120.965394
98944,46.497628,-119.626676
98946,47.080290,-120.724620
98947,46.687471,-120.801581
98948,46.297854,-120.312566
98950,46.896466,-119.988074
98951,46.456028,-120.513604
98952,46.356211,-120.763066
98953,46.442291,-120.226815
99001,47.636490,-117.586305
99003,47.920209,-117.292679
99004,47.420062,-117.631165
99005,47.844261,-117.366196
99006,47.984122,-117.502192
99008,47.503335,-117.933438
99009,48.026086,-117.252446
99011,47.618832,-117.648158
99012,47.382042,-117.192777
99013,47.893717,-117.830817
99016,47.597285,-117.121042
99017,47.184129,-117.886758
99018,47.289792,-117.154853
99019,47.643175,-117.075620
99020,47.562601,-117.496601
99021,47.848267,-117.189612
99022,47.599780,-117.708985
99023,47.561082,-117.171788
99025,47.793859,-117.075344
99026,47.811345,-117.626540
99027,47.710128,-117.127560
99029,47.693841,-117.831006
99030,47.484075,-117.110203
99031,47.423494,-117.362419
99032,47.327315,-118.033609
99033,47.232328,-117.099265
99034,47.872252,-117.751006
99036,47.525291,-117.275917
99037,47.635784,-117.197605
99039,47.344652,-117.265585
99040,47.898470,-118.003679
99101,48.320308,-117.920660
99102,46.792025,-117.250253
99103,47.756005,-118.927608
99105,46.868175,-118.074226
99109,48.292946,-117.698546
99110,48.012086,-117.576352
99111,46.837729,-117.420749
99113,46.593490,-117.189782
99114,48.655198,-117.735834
99115,47.646834,-119.416689
99116,48.030941,-118.927459
99117,47.722069,-118.532002
99118,48.896541,-118.638565
99119,48.509215,-117.314900
99121,48.936213,-118.469224
99122,47.687849,-118.208232
99123,47.845781,-119.144468
99124,47.999935,-118.952851
99125,46.931040,-117.765154
99126,48.730100,-117.971921
99128,47.097950,-117.081344
99129,48.015253,-118.192667
99130,46.997309,-117.184125
99131,48.277409,-118.131392
99133,48.020659,-119.054066
99134,47.398104,-118.277666
99135,47.664805,-119.099296
99136,46.674643,-117.955526
99137,48.147832,-118.115213
99138,48.205843,-118.395823
99139,48.752947,-117.407626
99140,48.111429,-118.646173
99141,48.736990,-118.138691
99143,46.765536,-117.848245
99144,47.377749,-118.504290
99146,48.957548,-118.297520
99147,47.873716,-118.509373
99148,48.100470,-117.597004
99149,47.217126,-117.463958
99150,48.804513,-118.556841
99151,48.664470,-118.063636
99152,48.844579,-117.396802
99153,48.910804,-117.165813
99154,47.389734,-118.365925
99155,48.249063,-118.965682
99156,48.185851,-117.196814
99157,48.820843,-117.933374
99158,47.130275,-117.247421
99159,47.326840,-118.765870
99160,48.838710,-118.306323
99161,46.903644,-117.148073
99163,46.730331,-117.218027
99164,46.730917,-117.152568
99166,48.575363,-118.664374
99167,48.419231,-118.120985
99169,47.105898,-118.340218
99170,47.235823,-117.393720
99171,47.098248,-117.653890
99173,48.036972,-117.863003
99174,47.010562,-117.358687
99176,47.080905,-117.423890
99179,46.494979,-117.125923
99180,48.292667,-117.342169
99181,48.147785,-117.786618
99185,47.749432,-118.717317
99201,47.662360,-117.437255
99202,47.657497,-117.378970
99203,47.628641,-117.402997
99204,47.645706,-117.427263
99205,47.696825,-117.444879
99206,47.629296,-117.254657
99207,47.688750,-117.387464
99208,47.788172,-117.480897
99212,47.664705,-117.310362
99216,47.686363,-117.216681
99217,47.740709,-117.261376
99218,47.758924,-117.409388
99223,47.589407,-117.344623
99224,47.652410,-117.526046
99301,46.379233,-118.953781
99320,46.265888,-119.487243
99321,46.878598,-119.909356
99322,45.943983,-120.180774
99323,46.190771,-118.872845
99324,46.042579,-118.386845
99326,46.650082,-118.853349
99328,46.263368,-117.865424
99329,46.156353,-118.145294
99330,46.489767,-119.043221
99333,46.685782,-118.172717
99335,46.647174,-118.439679
99336,46.214050,-119.175728
99337,46.073223,-119.090740
99338,46.147859,-119.273473
99341,46.912889,-118.653031
99343,46.593609,-119.180088
99344,46.820069,-119.178054
99345,45.941953,-119.690097
99346,45.997560,-119.298739
99347,46.427734,-117.565388
99348,46.382239,-118.470882
99349,46.731191,-119.700579
99350,46.183349,-119.696208
99352,46.252840,-119.287852
99353,46.313808,-119.387768
99354,46.331677,-119.299782
99356,45.823750,-120.319723
99357,46.891310,-119.661625
99359,46.548514,-118.094765
99360,46.090217,-118.663029
99361,46.236551,-118.143839
99362,46.101083,-118.313609
99363,46.060441,-118.883545
99371,46.800013,-118.311494
99401,46.087207,-117.249856
99402,46.190773,-117.127417
99403,46.362367,-117.282597
99501,61.220018,-149.855702
99502,61.163643,-149.996609
99503,62.043951,-158.175667
99504,61.204600,-149.746095
99505,61.256851,-149.602697
99506,61.253463,-149.810757
99507,61.147656,-149.753642
99508,61.201400,-149.817502
99510,70.101885,-149.867360
99513,61.214772,-149.885658
99515,61.116381,-149.890375
99516,61.079371,-149.709857
99517,61.190346,-149.939108
99518,61.159577,-149.884627
99519,69.216237,-146.787467
99540,60.990236,-149.419827
99546,51.829438,-176.629994
99547,52.213091,-174.215643
99548,56.237395,-158.751683
99549,56.964177,-158.580635
99550,57.904108,-153.042685
99551,60.902886,-161.421759
99552,60.909581,-161.227108
99553,54.117318,-165.830835
99554,62.711160,-164.644712
99555,59.260320,-158.654678
99556,59.899955,-151.570388
99557,61.420118,-156.044199
99558,62.630995,-160.213725
99559,60.814155,-161.850810
99561,60.151220,-164.251364
99563,61.531066,-165.597199
99564,56.304665,-158.396180
99565,56.304582,-158.498119
99566,61.270907,-142.605516
99567,61.299351,-149.021091
99568,60.208902,-151.404202
99569,58.805147,-158.529967
99571,55.215790,-162.775829
99572,60.529893,-149.952595
99573,61.712313,-145.951769
99574,60.893995,-145.109037
99575,61.796853,-158.081066
99576,60.261108,-159.092876
99577,61.201420,-149.248298
99578,60.214240,-162.030362
99579,58.202719,-157.408565
99580,59.365538,-157.491032
99581,62.785183,-164.566301
99583,54.890097,-163.410644
99585,61.918711,-162.288486
99586,62.832803,-143.310387
99587,60.965808,-148.876643
99588,62.402203,-146.945594
99589,59.127491,-161.568774
99590,62.896043,-160.112961
99591,56.582331,-169.635254
99602,62.187016,-159.856068
99603,59.538519,-151.186927
99604,61.536383,-166.122887
99605,60.787311,-149.554873
99606,59.851328,-154.555142
99607,61.757492,-159.783535
99609,60.864056,-162.537863
99610,60.264870,-150.610562
99611,60.600458,-151.106322
99612,55.058778,-162.273717
99613,59.010266,-155.901780
99614,59.936452,-164.061751
99615,57.650481,-153.261105
99620,63.028752,-163.535727
99621,60.793216,-161.431390
99622,59.874234,-163.205541
99624,57.587682,-153.913088
99625,59.290256,-156.652476
99626,61.516968,-160.364657
99627,63.454351,-154.735702
99628,58.957432,-159.212087
99630,60.370781,-166.266749
99631,60.615355,-149.372783
99632,62.112344,-163.664390
99633,58.787581,-156.892509
99634,60.682928,-161.998779
99636,59.488161,-157.290500
99637,60.552274,-165.108110
99638,52.897770,-168.943406
99639,60.061709,-151.406462
99640,60.002567,-155.390747
99641,60.882466,-162.463637
99643,57.220076,-153.330288
99644,57.910232,-152.382974
99645,61.624490,-148.979752
99647,59.878543,-154.072088
99648,55.930603,-159.146786
99649,57.500442,-157.281038
99650,61.946621,-162.878319
99651,59.000685,-161.688071
99652,61.529768,-149.980916
99653,60.198400,-154.275431
99654,61.449113,-149.900744
99655,59.741444,-161.887384
99656,61.927869,-157.624648
99657,61.728284,-161.669355
99658,62.091670,-163.254386
99659,63.464293,-162.129902
99660,57.179041,-170.325068
99661,55.247147,-160.685152
99662,61.791821,-165.961546
99663,59.401190,-151.624586
99664,60.076335,-149.492662
99665,62.645835,-159.527304
99666,62.440625,-165.145536
99667,61.678982,-152.125307
99668,61.682454,-157.157593
99669,60.360150,-151.017884
99670,58.660041,-156.987520
99671,63.472253,-162.262227
99672,60.752577,-150.629096
99674,61.591281,-148.061954
99676,62.450132,-149.789952
99677,60.893876,-146.669922
99678,59.399864,-159.906937
99679,61.104273,-160.937572
99680,60.385009,-162.684337
99681,60.607081,-165.128294
99682,60.352111,-153.108641
99683,62.514805,-151.029580
99684,63.985093,-160.406997
99685,53.871799,-166.482869
99686,61.150080,-146.810141
99688,61.887028,-149.619671
99689,59.484561,-139.419308
99690,60.523716,-164.832582
99691,62.817681,-153.374674
99692,53.885808,-166.538324
99693,60.850556,-148.033870
99694,61.624101,-149.785264
99695,55.918199,-159.493298
99701,67.094545,-149.336012
99702,64.650615,-147.052322
99703,64.832624,-147.622719
99704,64.296151,-149.149549
99705,64.761825,-147.313674
99706,64.010439,-144.678662
99709,64.862968,-148.164072
99712,65.058723,-145.925302
99714,64.384531,-146.553715
99720,66.564018,-152.766939
99721,68.154932,-151.705201
99722,68.091944,-145.604061
99723,71.253500,-156.800072
99724,66.390584,-147.337916
99726,67.168639,-152.285215
99727,65.975912,-161.138661
99729,63.006166,-149.400714
99730,65.649804,-145.587971
99732,64.071746,-142.007579
99733,65.838581,-144.175430
99734,70.428206,-149.287534
99736,66.084978,-162.761497
99737,63.779534,-145.098323
99738,65.634152,-141.882050
99739,65.023988,-162.487892
99740,67.874641,-144.596720
99741,64.736146,-156.873009
99742,63.777201,-171.725710
99743,63.681106,-150.026544
99744,64.308281,-149.163187
99745,66.044747,-154.236862
99746,65.600328,-158.190476
99747,70.118416,-143.686957
99748,64.346290,-158.771212
99749,66.978430,-160.431808
99750,67.728641,-164.543454
99751,66.922686,-156.874646
99752,67.263117,-161.919349
99753,64.939607,-161.151272
99754,64.902213,-157.694335
99755,63.784977,-148.521374
99756,64.565203,-151.751657
99757,63.814891,-152.645747
99758,65.151781,-149.372384
99759,69.737132,-162.835227
99760,64.250543,-148.128409
99761,67.620987,-163.057973
99762,64.744021,-164.659417
99763,66.827912,-161.029217
99764,63.291856,-141.453595
99765,64.729316,-158.132388
99766,68.702603,-164.807044
99767,65.499199,-150.153798
99768,65.033029,-154.913209
99769,63.679524,-170.481103
99770,66.746266,-159.511018
99771,64.363986,-161.205278
99772,66.003474,-165.911401
99773,66.887644,-157.164700
99774,66.023707,-149.080314
99775,64.858130,-147.824759
99776,63.394697,-143.402723
99777,65.248528,-151.999049
99778,65.059019,-166.430231
99780,63.181236,-143.102439
99781,67.468627,-146.064641
99782,70.645765,-159.898711
99783,65.676582,-168.079970
99784,64.681721,-163.406036
99785,65.343920,-166.508493
99786,67.167563,-156.338137
99788,66.646856,-143.788895
99789,70.001750,-151.934657
99790,65.390183,-148.326543
99791,70.468398,-156.795478
99801,58.372910,-134.178445
99820,57.436465,-134.227340
99824,58.265381,-134.400144
99825,58.159987,-135.736378
99826,58.710141,-136.736651
99827,59.098771,-135.576936
99829,58.104265,-135.399841
99830,56.771079,-134.089981
99832,58.015478,-136.166143
99833,56.926675,-133.120372
99835,57.000402,-135.076713
99836,56.235218,-134.653499
99840,59.575097,-135.335418
99841,57.794300,-135.184384
99901,55.540405,-131.105347
99903,55.818431,-132.065800
99918,55.916873,-132.695503
99919,55.645594,-132.496820
99921,55.407033,-132.766235
99922,55.307528,-133.046815
99923,56.002315,-130.041026
99925,55.550204,-132.945933
99926,55.138352,-131.470424
99927,56.239062,-133.457924
99929,56.370751,-131.693301
